     #Energy           s          py          pz          px         dxy         dyz         dz2         dxz         dx2       tot  
   -37.20002     0.00000     0.00000     0.00000     0.00000     0.00000     0.00000     0.00000     0.00000     0.00000     0.00000
   -37.03402     0.00000     0.00000     0.00000     0.00000     0.00000     0.00000     0.00000     0.00000     0.00000     0.00000
   -36.86902     0.00000     0.00000     0.00000     0.00000     0.00000     0.00000     0.00000     0.00000     0.00000     0.00000
   -36.70302     0.00000     0.00000     0.00000     0.00000     0.00000     0.00000     0.00000     0.00000     0.00000     0.00000
   -36.53702     0.00000     0.00000     0.00000     0.00000     0.00000     0.00000     0.00000     0.00000     0.00000     0.00000
   -36.37102     0.00000     0.00000     0.00000     0.00000     0.00000     0.00000     0.00000     0.00000     0.00000     0.00000
   -36.20502     0.00000     0.00000     0.00000     0.00000     0.00000     0.00000     0.00000     0.00000     0.00000     0.00000
   -36.04002     0.00000     0.00000     0.00000     0.00000     0.00000     0.00000     0.00000     0.00000     0.00000     0.00000
   -35.87402     0.00000     0.00000     0.00000     0.00000     0.00000     0.00000     0.00000     0.00000     0.00000     0.00000
   -35.70802     0.00000     0.00000     0.00000     0.00000     0.00000     0.00000     0.00000     0.00000     0.00000     0.00000
   -35.54202     0.00000     0.00000     0.00000     0.00000     0.00000     0.00000     0.00000     0.00000     0.00000     0.00000
   -35.37602     0.00000     0.00000     0.00000     0.00000     0.00000     0.00000     0.00000     0.00000     0.00000     0.00000
   -35.21102     0.00000     0.00000     0.00000     0.00000     0.00000     0.00000     0.00000     0.00000     0.00000     0.00000
   -35.04502     0.00000     0.00000     0.00000     0.00000     0.00000     0.00000     0.00000     0.00000     0.00000     0.00001
   -34.87902     0.00010     0.00004     0.00005     0.00001     0.00000     0.00001     0.00000     0.00000     0.00000     0.00022
   -34.71302     0.00073     0.00027     0.00038     0.00014     0.00003     0.00005     0.00003     0.00003     0.00002     0.00167
   -34.54702     0.00205     0.00083     0.00104     0.00051     0.00010     0.00018     0.00007     0.00012     0.00006     0.00496
   -34.38202     0.00231     0.00109     0.00114     0.00074     0.00015     0.00027     0.00007     0.00016     0.00007     0.00602
   -34.21602     0.00105     0.00060     0.00050     0.00041     0.00008     0.00017     0.00003     0.00009     0.00004     0.00298
   -34.05002     0.00020     0.00013     0.00009     0.00009     0.00002     0.00004     0.00000     0.00002     0.00001     0.00059
   -33.88402     0.00002     0.00001     0.00001     0.00001     0.00000     0.00000     0.00000     0.00000     0.00000     0.00005
   -33.71802     0.00000     0.00000     0.00000     0.00000     0.00000     0.00000     0.00000     0.00000     0.00000     0.00000
   -33.55302     0.00000     0.00000     0.00000     0.00000     0.00000     0.00000     0.00000     0.00000     0.00000     0.00000
   -33.38702     0.00000     0.00000     0.00000     0.00000     0.00000     0.00000     0.00000     0.00000     0.00000     0.00000
   -33.22102     0.00000     0.00000     0.00000     0.00000     0.00000     0.00000     0.00000     0.00000     0.00000     0.00000
   -33.05502     0.00000     0.00000     0.00000     0.00000     0.00000     0.00000     0.00000     0.00000     0.00000     0.00000
   -32.88902     0.00000     0.00000     0.00000     0.00000     0.00000     0.00000     0.00000     0.00000     0.00000     0.00000
   -32.72402     0.00000     0.00000     0.00000     0.00000     0.00000     0.00000     0.00000     0.00000     0.00000     0.00000
   -32.55802     0.00000     0.00000     0.00000     0.00000     0.00000     0.00000     0.00000     0.00000     0.00000     0.00000
   -32.39202     0.00000     0.00000     0.00000     0.00000     0.00000     0.00000     0.00000     0.00000     0.00000     0.00000
   -32.22602     0.00000     0.00000     0.00000     0.00000     0.00000     0.00000     0.00000     0.00000     0.00000     0.00000
   -32.06002     0.00000     0.00000     0.00000     0.00000     0.00000     0.00000     0.00000     0.00000     0.00000     0.00000
   -31.89502     0.00000     0.00000     0.00000     0.00000     0.00000     0.00000     0.00000     0.00000     0.00000     0.00000
   -31.72902     0.00000     0.00000     0.00000     0.00000     0.00000     0.00000     0.00000     0.00000     0.00000     0.00000
   -31.56302     0.00000     0.00000     0.00000     0.00000     0.00000     0.00000     0.00000     0.00000     0.00000     0.00000
   -31.39702     0.00000     0.00000     0.00000     0.00000     0.00000     0.00000     0.00000     0.00000     0.00000     0.00000
   -31.23102     0.00000     0.00000     0.00000     0.00000     0.00000     0.00000     0.00000     0.00000     0.00000     0.00000
   -31.06602     0.00000     0.00000     0.00000     0.00000     0.00000     0.00000     0.00000     0.00000     0.00000     0.00000
   -30.90002     0.00000     0.00000     0.00000     0.00000     0.00000     0.00000     0.00000     0.00000     0.00000     0.00000
   -30.73402     0.00000     0.00000     0.00000     0.00000     0.00000     0.00000     0.00000     0.00000     0.00000     0.00000
   -30.56802     0.00000     0.00000     0.00000     0.00000     0.00000     0.00000     0.00000     0.00000     0.00000     0.00000
   -30.40202     0.00000     0.00000     0.00000     0.00000     0.00000     0.00000     0.00000     0.00000     0.00000     0.00000
   -30.23702     0.00000     0.00000     0.00000     0.00000     0.00000     0.00000     0.00000     0.00000     0.00000     0.00000
   -30.07102     0.00000     0.00000     0.00000     0.00000     0.00000     0.00000     0.00000     0.00000     0.00000     0.00000
   -29.90502     0.00000     0.00000     0.00000     0.00000     0.00000     0.00000     0.00000     0.00000     0.00000     0.00000
   -29.73902     0.00000     0.00000     0.00000     0.00000     0.00000     0.00000     0.00000     0.00000     0.00000     0.00000
   -29.57302     0.00000     0.00000     0.00000     0.00000     0.00000     0.00000     0.00000     0.00000     0.00000     0.00000
   -29.40802     0.00000     0.00000     0.00000     0.00000     0.00000     0.00000     0.00000     0.00000     0.00000     0.00000
   -29.24202     0.00000     0.00000     0.00000     0.00000     0.00000     0.00000     0.00000     0.00000     0.00000     0.00000
   -29.07602     0.00000     0.00000     0.00000     0.00000     0.00000     0.00000     0.00000     0.00000     0.00000     0.00000
   -28.91002     0.00000     0.00000     0.00000     0.00000     0.00000     0.00000     0.00000     0.00000     0.00000     0.00000
   -28.74402     0.00000     0.00000     0.00000     0.00000     0.00000     0.00000     0.00000     0.00000     0.00000     0.00000
   -28.57902     0.00000     0.00000     0.00000     0.00000     0.00000     0.00000     0.00000     0.00000     0.00000     0.00000
   -28.41302     0.00000     0.00000     0.00000     0.00000     0.00000     0.00000     0.00000     0.00000     0.00000     0.00000
   -28.24702     0.00000     0.00000     0.00000     0.00000     0.00000     0.00000     0.00000     0.00000     0.00000     0.00000
   -28.08102     0.00000     0.00000     0.00000     0.00000     0.00000     0.00000     0.00000     0.00000     0.00000     0.00000
   -27.91502     0.00000     0.00000     0.00000     0.00000     0.00000     0.00000     0.00000     0.00000     0.00000     0.00000
   -27.75002     0.00000     0.00000     0.00000     0.00000     0.00000     0.00000     0.00000     0.00000     0.00000     0.00000
   -27.58402     0.00000     0.00000     0.00000     0.00000     0.00000     0.00000     0.00000     0.00000     0.00000     0.00000
   -27.41802     0.00000     0.00000     0.00000     0.00000     0.00000     0.00000     0.00000     0.00000     0.00000     0.00000
   -27.25202     0.00000     0.00000     0.00000     0.00000     0.00000     0.00000     0.00000     0.00000     0.00000     0.00000
   -27.08602     0.00000     0.00000     0.00000     0.00000     0.00000     0.00000     0.00000     0.00000     0.00000     0.00000
   -26.92102     0.00000     0.00000     0.00000     0.00000     0.00000     0.00000     0.00000     0.00000     0.00000     0.00000
   -26.75502     0.00000     0.00000     0.00000     0.00000     0.00000     0.00000     0.00000     0.00000     0.00000     0.00000
   -26.58902     0.00000     0.00000     0.00000     0.00000     0.00000     0.00000     0.00000     0.00000     0.00000     0.00000
   -26.42302     0.00000     0.00000     0.00000     0.00000     0.00000     0.00000     0.00000     0.00000     0.00000     0.00000
   -26.25702     0.00000     0.00000     0.00000     0.00000     0.00000     0.00000     0.00000     0.00000     0.00000     0.00000
   -26.09202     0.00000     0.00000     0.00000     0.00000     0.00000     0.00000     0.00000     0.00000     0.00000     0.00000
   -25.92602     0.00000     0.00000     0.00000     0.00000     0.00000     0.00000     0.00000     0.00000     0.00000     0.00000
   -25.76002     0.00000     0.00000     0.00000     0.00000     0.00000     0.00000     0.00000     0.00000     0.00000     0.00000
   -25.59402     0.00000     0.00000     0.00000     0.00000     0.00000     0.00000     0.00000     0.00000     0.00000     0.00000
   -25.42802     0.00000     0.00000     0.00000     0.00000     0.00000     0.00000     0.00000     0.00000     0.00000     0.00000
   -25.26302     0.00000     0.00000     0.00000     0.00000     0.00000     0.00000     0.00000     0.00000     0.00000     0.00000
   -25.09702     0.00000     0.00000     0.00000     0.00000     0.00000     0.00000     0.00000     0.00000     0.00000     0.00000
   -24.93102     0.00000     0.00000     0.00000     0.00000     0.00000     0.00000     0.00000     0.00000     0.00000     0.00000
   -24.76502     0.00000     0.00000     0.00000     0.00000     0.00000     0.00000     0.00000     0.00000     0.00000     0.00000
   -24.59902     0.00000     0.00000     0.00000     0.00000     0.00000     0.00000     0.00000     0.00000     0.00000     0.00000
   -24.43402     0.00000     0.00000     0.00000     0.00000     0.00000     0.00000     0.00000     0.00000     0.00000     0.00000
   -24.26802     0.00000     0.00000     0.00000     0.00000     0.00000     0.00000     0.00000     0.00000     0.00000     0.00000
   -24.10202     0.00000     0.00000     0.00000     0.00000     0.00000     0.00000     0.00000     0.00000     0.00000     0.00000
   -23.93602     0.00000     0.00000     0.00000     0.00000     0.00000     0.00000     0.00000     0.00000     0.00000     0.00000
   -23.77002     0.00000     0.00000     0.00000     0.00000     0.00000     0.00000     0.00000     0.00000     0.00000     0.00000
   -23.60502     0.00001     0.00000     0.00001     0.00000     0.00000     0.00000     0.00000     0.00000     0.00000     0.00002
   -23.43902     0.00031     0.00000     0.00021     0.00000     0.00000     0.00000     0.00004     0.00000     0.00000     0.00057
   -23.27302     0.00304     0.00004     0.00205     0.00000     0.00000     0.00002     0.00040     0.00000     0.00000     0.00556
   -23.10702     0.00851     0.00011     0.00574     0.00001     0.00000     0.00006     0.00112     0.00001     0.00000     0.01555
   -22.94102     0.00697     0.00009     0.00470     0.00001     0.00000     0.00005     0.00092     0.00000     0.00000     0.01274
   -22.77602     0.00167     0.00002     0.00112     0.00000     0.00000     0.00001     0.00022     0.00000     0.00000     0.00304
   -22.61002     0.00011     0.00000     0.00008     0.00000     0.00000     0.00000     0.00001     0.00000     0.00000     0.00021
   -22.44402     0.00000     0.00000     0.00000     0.00000     0.00000     0.00000     0.00000     0.00000     0.00000     0.00000
   -22.27802     0.00000     0.00000     0.00000     0.00000     0.00000     0.00000     0.00000     0.00000     0.00000     0.00000
   -22.11202     0.00000     0.00000     0.00000     0.00000     0.00000     0.00000     0.00000     0.00000     0.00000     0.00000
   -21.94702     0.00000     0.00000     0.00000     0.00000     0.00000     0.00000     0.00000     0.00000     0.00000     0.00000
   -21.78102     0.00000     0.00000     0.00000     0.00000     0.00000     0.00000     0.00000     0.00000     0.00000     0.00000
   -21.61502     0.00000     0.00000     0.00000     0.00000     0.00000     0.00000     0.00000     0.00000     0.00000     0.00000
   -21.44902     0.00000     0.00000     0.00000     0.00000     0.00000     0.00000     0.00000     0.00000     0.00000     0.00000
   -21.28302     0.00000     0.00000     0.00000     0.00000     0.00000     0.00000     0.00000     0.00000     0.00000     0.00000
   -21.11802     0.00000     0.00000     0.00000     0.00000     0.00000     0.00000     0.00000     0.00000     0.00000     0.00000
   -20.95202     0.00000     0.00000     0.00000     0.00000     0.00000     0.00000     0.00000     0.00000     0.00000     0.00000
   -20.78602     0.00000     0.00000     0.00000     0.00000     0.00000     0.00000     0.00000     0.00000     0.00000     0.00000
   -20.62002     0.00000     0.00000     0.00000     0.00000     0.00000     0.00000     0.00000     0.00000     0.00000     0.00000
   -20.45402     0.00000     0.00000     0.00000     0.00000     0.00000     0.00000     0.00000     0.00000     0.00000     0.00000
   -20.28902     0.00000     0.00000     0.00000     0.00000     0.00000     0.00000     0.00000     0.00000     0.00000     0.00000
   -20.12302     0.00000     0.00000     0.00000     0.00000     0.00000     0.00000     0.00000     0.00000     0.00000     0.00000
   -19.95702     0.00000     0.00000     0.00000     0.00000     0.00000     0.00000     0.00000     0.00000     0.00000     0.00000
   -19.79102     0.00000     0.00000     0.00000     0.00000     0.00000     0.00000     0.00000     0.00000     0.00000     0.00000
   -19.62502     0.00000     0.00000     0.00000     0.00000     0.00000     0.00000     0.00000     0.00000     0.00000     0.00000
   -19.46002     0.00000     0.00000     0.00000     0.00000     0.00000     0.00000     0.00000     0.00000     0.00000     0.00000
   -19.29402     0.00000     0.00000     0.00000     0.00000     0.00000     0.00000     0.00000     0.00000     0.00000     0.00000
   -19.12802     0.00000     0.00000     0.00000     0.00000     0.00000     0.00000     0.00000     0.00000     0.00000     0.00000
   -18.96202     0.00000     0.00000     0.00000     0.00000     0.00000     0.00000     0.00000     0.00000     0.00000     0.00000
   -18.79602     0.00000     0.00000     0.00000     0.00000     0.00000     0.00000     0.00000     0.00000     0.00000     0.00000
   -18.63002     0.00000     0.00000     0.00000     0.00000     0.00000     0.00000     0.00000     0.00000     0.00000     0.00000
   -18.46502     0.00000     0.00000     0.00000     0.00000     0.00000     0.00000     0.00000     0.00000     0.00000     0.00000
   -18.29902     0.00000     0.00000     0.00000     0.00000     0.00000     0.00000     0.00000     0.00000     0.00000     0.00000
   -18.13302     0.00000     0.00000     0.00000     0.00000     0.00000     0.00000     0.00000     0.00000     0.00000     0.00000
   -17.96702     0.00000     0.00000     0.00000     0.00000     0.00000     0.00000     0.00000     0.00000     0.00000     0.00000
   -17.80102     0.00000     0.00000     0.00000     0.00000     0.00000     0.00000     0.00000     0.00000     0.00000     0.00000
   -17.63602     0.00008     0.00000     0.00002     0.00000     0.00000     0.00000     0.00000     0.00000     0.00000     0.00010
   -17.47002     0.00273     0.00004     0.00076     0.00002     0.00000     0.00002     0.00013     0.00001     0.00000     0.00370
   -17.30402     0.02722     0.00040     0.00753     0.00024     0.00000     0.00016     0.00126     0.00011     0.00000     0.03693
   -17.13802     0.07802     0.00115     0.02158     0.00070     0.00001     0.00047     0.00362     0.00031     0.00000     0.10586
   -16.97202     0.06551     0.00096     0.01812     0.00059     0.00001     0.00040     0.00304     0.00026     0.00000     0.08889
   -16.80702     0.01606     0.00024     0.00444     0.00014     0.00000     0.00010     0.00074     0.00006     0.00000     0.02180
   -16.64102     0.00112     0.00002     0.00031     0.00001     0.00000     0.00001     0.00005     0.00000     0.00000     0.00152
   -16.47502     0.00002     0.00000     0.00001     0.00000     0.00000     0.00000     0.00000     0.00000     0.00000     0.00003
   -16.30902     0.00000     0.00000     0.00000     0.00000     0.00000     0.00000     0.00000     0.00000     0.00000     0.00000
   -16.14302     0.00000     0.00000     0.00000     0.00000     0.00000     0.00000     0.00000     0.00000     0.00000     0.00000
   -15.97802     0.00000     0.00000     0.00000     0.00000     0.00000     0.00000     0.00000     0.00000     0.00000     0.00000
   -15.81202     0.00000     0.00000     0.00000     0.00000     0.00000     0.00000     0.00000     0.00000     0.00000     0.00000
   -15.64602     0.00000     0.00000     0.00000     0.00000     0.00000     0.00000     0.00000     0.00000     0.00000     0.00000
   -15.48002     0.00000     0.00000     0.00000     0.00000     0.00000     0.00000     0.00000     0.00000     0.00000     0.00000
   -15.31402     0.00000     0.00000     0.00000     0.00000     0.00000     0.00000     0.00000     0.00000     0.00000     0.00000
   -15.14902     0.00000     0.00000     0.00000     0.00000     0.00000     0.00000     0.00000     0.00000     0.00000     0.00000
   -14.98302     0.00000     0.00000     0.00000     0.00000     0.00000     0.00000     0.00000     0.00000     0.00000     0.00000
   -14.81702     0.00000     0.00000     0.00000     0.00000     0.00000     0.00000     0.00000     0.00000     0.00000     0.00000
   -14.65102     0.00000     0.00000     0.00000     0.00000     0.00000     0.00000     0.00000     0.00000     0.00000     0.00000
   -14.48502     0.00000     0.00000     0.00000     0.00000     0.00000     0.00000     0.00000     0.00000     0.00000     0.00000
   -14.32002     0.00000     0.00000     0.00000     0.00000     0.00000     0.00000     0.00000     0.00000     0.00000     0.00000
   -14.15402     0.00000     0.00000     0.00000     0.00000     0.00000     0.00000     0.00000     0.00000     0.00000     0.00000
   -13.98802     0.00000     0.00000     0.00000     0.00000     0.00000     0.00000     0.00000     0.00000     0.00000     0.00000
   -13.82202     0.00000     0.00000     0.00000     0.00000     0.00000     0.00000     0.00000     0.00000     0.00000     0.00000
   -13.65602     0.00000     0.00000     0.00000     0.00000     0.00000     0.00000     0.00000     0.00000     0.00000     0.00000
   -13.49102     0.00000     0.00000     0.00000     0.00000     0.00000     0.00000     0.00000     0.00000     0.00000     0.00000
   -13.32502     0.00000     0.00000     0.00000     0.00000     0.00000     0.00000     0.00000     0.00000     0.00000     0.00000
   -13.15902     0.00043     0.00000     0.00001     0.00000     0.00000     0.00000     0.00000     0.00000     0.00000     0.00044
   -12.99302     0.01280     0.00000     0.00016     0.00000     0.00000     0.00000     0.00000     0.00000     0.00000     0.01296
   -12.82702     0.11421     0.00002     0.00145     0.00001     0.00000     0.00000     0.00000     0.00000     0.00000     0.11570
   -12.66202     0.32835     0.00015     0.00411     0.00006     0.00000     0.00000     0.00001     0.00000     0.00000     0.33269
   -12.49602     0.38010     0.00050     0.00454     0.00025     0.00000     0.00001     0.00001     0.00000     0.00000     0.38542
   -12.33002     0.34912     0.00088     0.00363     0.00063     0.00000     0.00001     0.00001     0.00001     0.00001     0.35429
   -12.16402     0.36575     0.00104     0.00331     0.00093     0.00001     0.00001     0.00001     0.00001     0.00001     0.37108
   -11.99802     0.33006     0.00108     0.00266     0.00122     0.00001     0.00001     0.00001     0.00001     0.00001     0.33508
   -11.83302     0.36980     0.00123     0.00242     0.00160     0.00002     0.00002     0.00004     0.00002     0.00002     0.37517
   -11.66702     0.50360     0.00139     0.00281     0.00216     0.00003     0.00002     0.00006     0.00003     0.00004     0.51014
   -11.50102     0.49930     0.00136     0.00260     0.00287     0.00004     0.00002     0.00005     0.00004     0.00006     0.50635
   -11.33502     0.49520     0.00170     0.00261     0.00354     0.00005     0.00002     0.00005     0.00004     0.00009     0.50331
   -11.16902     0.58940     0.00229     0.00376     0.00398     0.00007     0.00004     0.00010     0.00006     0.00015     0.59985
   -11.00402     0.62380     0.00267     0.00467     0.00443     0.00009     0.00007     0.00014     0.00008     0.00020     0.63617
   -10.83802     0.62760     0.00280     0.00571     0.00500     0.00013     0.00011     0.00021     0.00011     0.00023     0.64189
   -10.67202     0.62390     0.00254     0.00672     0.00458     0.00017     0.00011     0.00028     0.00015     0.00028     0.63874
   -10.50602     0.53456     0.00172     0.00560     0.00382     0.00018     0.00007     0.00029     0.00020     0.00031     0.54675
   -10.34002     0.34756     0.00092     0.00320     0.00301     0.00016     0.00003     0.00023     0.00027     0.00028     0.35565
   -10.17502     0.16801     0.00045     0.00139     0.00184     0.00011     0.00001     0.00014     0.00025     0.00019     0.17239
   -10.00902     0.04930     0.00015     0.00039     0.00055     0.00005     0.00000     0.00005     0.00011     0.00006     0.05066
    -9.84302     0.00645     0.00002     0.00005     0.00006     0.00001     0.00000     0.00001     0.00002     0.00001     0.00662
    -9.67702     0.00031     0.00000     0.00000     0.00000     0.00000     0.00000     0.00000     0.00000     0.00000     0.00032
    -9.51102     0.00000     0.00000     0.00000     0.00000     0.00000     0.00000     0.00000     0.00000     0.00000     0.00001
    -9.34602     0.00000     0.00000     0.00000     0.00000     0.00000     0.00000     0.00000     0.00000     0.00000     0.00000
    -9.18002     0.00000     0.00000     0.00000     0.00000     0.00000     0.00000     0.00000     0.00000     0.00000     0.00000
    -9.01402     0.00000     0.00000     0.00000     0.00000     0.00000     0.00000     0.00000     0.00000     0.00000     0.00000
    -8.84802     0.00001     0.00000     0.00001     0.00000     0.00000     0.00000     0.00000     0.00000     0.00000     0.00002
    -8.68202     0.00036     0.00001     0.00040     0.00012     0.00000     0.00000     0.00002     0.00002     0.00000     0.00092
    -8.51702     0.00593     0.00012     0.00661     0.00208     0.00002     0.00005     0.00028     0.00032     0.00000     0.01541
    -8.35102     0.02817     0.00057     0.03140     0.00988     0.00009     0.00022     0.00132     0.00150     0.00002     0.07316
    -8.18502     0.03897     0.00079     0.04343     0.01366     0.00012     0.00031     0.00182     0.00207     0.00002     0.10120
    -8.01902     0.01581     0.00032     0.01762     0.00554     0.00005     0.00013     0.00074     0.00084     0.00001     0.04105
    -7.85302     0.00185     0.00004     0.00206     0.00065     0.00001     0.00001     0.00009     0.00010     0.00000     0.00480
    -7.68802     0.00006     0.00000     0.00007     0.00002     0.00000     0.00000     0.00000     0.00000     0.00000     0.00016
    -7.52202     0.00000     0.00000     0.00000     0.00000     0.00000     0.00000     0.00000     0.00000     0.00000     0.00000
    -7.35602     0.00000     0.00000     0.00000     0.00000     0.00000     0.00000     0.00000     0.00000     0.00000     0.00000
    -7.19002     0.00000     0.00000     0.00001     0.00000     0.00000     0.00000     0.00000     0.00000     0.00000     0.00001
    -7.02402     0.00004     0.00006     0.00046     0.00000     0.00000     0.00001     0.00001     0.00000     0.00000     0.00057
    -6.85902     0.00097     0.00145     0.01152     0.00005     0.00000     0.00013     0.00020     0.00000     0.00000     0.01433
    -6.69302     0.00684     0.01025     0.08115     0.00032     0.00002     0.00088     0.00144     0.00002     0.00001     0.10094
    -6.52702     0.01396     0.02090     0.16549     0.00065     0.00005     0.00180     0.00293     0.00004     0.00002     0.20585
    -6.36102     0.00836     0.01258     0.09913     0.00040     0.00003     0.00108     0.00175     0.00002     0.00001     0.12337
    -6.19502     0.00156     0.00489     0.02025     0.00059     0.00001     0.00019     0.00035     0.00001     0.00000     0.02785
    -6.03002     0.00117     0.02801     0.03222     0.00554     0.00004     0.00006     0.00053     0.00005     0.00001     0.06763
    -5.86402     0.00339     0.08447     0.09502     0.01949     0.00013     0.00018     0.00159     0.00017     0.00004     0.20449
    -5.69802     0.00379     0.08541     0.09002     0.03575     0.00016     0.00045     0.00174     0.00035     0.00005     0.21772
    -5.53202     0.00442     0.05622     0.04103     0.05996     0.00018     0.00100     0.00141     0.00070     0.00010     0.16502
    -5.36602     0.01194     0.06087     0.03675     0.08331     0.00032     0.00145     0.00169     0.00109     0.00021     0.19763
    -5.20102     0.02466     0.07973     0.05171     0.09273     0.00048     0.00170     0.00211     0.00127     0.00034     0.25473
    -5.03502     0.02684     0.09266     0.04367     0.09082     0.00059     0.00162     0.00183     0.00126     0.00045     0.25972
    -4.86902     0.02238     0.10342     0.02329     0.09423     0.00073     0.00141     0.00123     0.00135     0.00058     0.24861
    -4.70302     0.02065     0.11700     0.01560     0.10144     0.00068     0.00137     0.00111     0.00141     0.00066     0.25993
    -4.53702     0.02034     0.13483     0.01870     0.14353     0.00050     0.00124     0.00146     0.00140     0.00070     0.32269
    -4.37202     0.01960     0.16617     0.02723     0.22077     0.00051     0.00119     0.00268     0.00156     0.00077     0.44048
    -4.20602     0.02322     0.17234     0.03705     0.23430     0.00078     0.00124     0.00405     0.00173     0.00096     0.47567
    -4.04002     0.03258     0.13202     0.04884     0.16064     0.00088     0.00114     0.00440     0.00148     0.00112     0.38311
    -3.87402     0.03765     0.08999     0.05506     0.10213     0.00071     0.00094     0.00401     0.00106     0.00086     0.29242
    -3.70802     0.03133     0.08919     0.06866     0.09075     0.00064     0.00103     0.00390     0.00087     0.00067     0.28704
    -3.54302     0.02654     0.10894     0.11750     0.09009     0.00077     0.00145     0.00532     0.00099     0.00105     0.35265
    -3.37702     0.03375     0.11472     0.18275     0.07943     0.00105     0.00173     0.00698     0.00112     0.00153     0.42306
    -3.21102     0.03843     0.11103     0.19854     0.06730     0.00146     0.00158     0.00606     0.00115     0.00175     0.42730
    -3.04502     0.03883     0.11710     0.18907     0.06868     0.00185     0.00152     0.00410     0.00137     0.00221     0.42472
    -2.87902     0.03651     0.11705     0.19257     0.07799     0.00197     0.00185     0.00321     0.00163     0.00272     0.43550
    -2.71402     0.03313     0.11164     0.20405     0.08131     0.00201     0.00277     0.00305     0.00183     0.00292     0.44272
    -2.54802     0.02858     0.11488     0.19952     0.09337     0.00233     0.00470     0.00287     0.00227     0.00294     0.45145
    -2.38202     0.02113     0.11494     0.16463     0.11034     0.00260     0.00682     0.00265     0.00276     0.00295     0.42882
    -2.21602     0.01594     0.12334     0.13882     0.11510     0.00298     0.00809     0.00295     0.00316     0.00314     0.41352
    -2.05002     0.01401     0.14733     0.11372     0.12205     0.00350     0.00757     0.00384     0.00333     0.00385     0.41921
    -1.88502     0.01395     0.18092     0.08350     0.13302     0.00377     0.00609     0.00485     0.00337     0.00504     0.43452
    -1.71902     0.01457     0.21372     0.06462     0.13717     0.00429     0.00565     0.00583     0.00382     0.00531     0.45497
    -1.55302     0.01366     0.18197     0.04982     0.13043     0.00475     0.00510     0.00648     0.00401     0.00470     0.40092
    -1.38702     0.01196     0.15639     0.03875     0.13522     0.00476     0.00508     0.00677     0.00458     0.00476     0.36827
    -1.22102     0.01229     0.17834     0.03903     0.17129     0.00426     0.00601     0.00632     0.00652     0.00551     0.42958
    -1.05602     0.01282     0.17342     0.04666     0.17884     0.00378     0.00592     0.00572     0.00670     0.00580     0.43965
    -0.89002     0.01216     0.11520     0.05096     0.13290     0.00390     0.00400     0.00634     0.00436     0.00518     0.33500
    -0.72402     0.00997     0.06872     0.05261     0.08565     0.00403     0.00240     0.00662     0.00282     0.00387     0.23669
    -0.55802     0.00737     0.04769     0.06501     0.07107     0.00374     0.00179     0.00610     0.00271     0.00274     0.20821
    -0.39202     0.00603     0.03463     0.05159     0.06359     0.00281     0.00130     0.00488     0.00243     0.00247     0.16974
    -0.22702     0.00612     0.03228     0.02369     0.05314     0.00196     0.00091     0.00363     0.00194     0.00242     0.12609
    -0.06102     0.00576     0.02648     0.01173     0.04654     0.00143     0.00072     0.00288     0.00136     0.00257     0.09947
     0.10498     0.00369     0.01744     0.00641     0.03059     0.00098     0.00057     0.00183     0.00072     0.00254     0.06477
     0.27098     0.00221     0.01363     0.00386     0.02027     0.00056     0.00037     0.00107     0.00030     0.00182     0.04408
     0.43698     0.00156     0.00908     0.00299     0.04910     0.00067     0.00020     0.00065     0.00015     0.00106     0.06548
     0.60198     0.00237     0.00717     0.00505     0.11617     0.00157     0.00019     0.00071     0.00022     0.00101     0.13447
     0.76798     0.00518     0.01074     0.01450     0.12661     0.00220     0.00041     0.00136     0.00036     0.00189     0.16326
     0.93398     0.01228     0.02203     0.04753     0.08726     0.00213     0.00106     0.00366     0.00100     0.00389     0.18084
     1.09998     0.02326     0.04075     0.10756     0.07635     0.00201     0.00229     0.00775     0.00277     0.00632     0.26905
     1.26598     0.03520     0.05118     0.15614     0.07610     0.00255     0.00306     0.00942     0.00393     0.00754     0.34514
     1.43098     0.04592     0.04076     0.18087     0.05572     0.00311     0.00261     0.00823     0.00367     0.00671     0.34760
     1.59698     0.03688     0.03686     0.13351     0.03416     0.00288     0.00233     0.00543     0.00334     0.00448     0.25987
     1.76298     0.01928     0.04237     0.06261     0.03614     0.00252     0.00336     0.00305     0.00279     0.00289     0.17499
     1.92898     0.01210     0.03925     0.04854     0.04865     0.00236     0.00572     0.00247     0.00239     0.00271     0.16418
     2.09498     0.01051     0.02901     0.05944     0.05102     0.00246     0.00746     0.00255     0.00287     0.00304     0.16835
     2.25998     0.01433     0.02321     0.05427     0.06283     0.00431     0.00797     0.00345     0.00618     0.00402     0.18057
     2.42598     0.02450     0.03275     0.04666     0.08305     0.00841     0.01060     0.00612     0.01535     0.00664     0.23408
     2.59198     0.03332     0.05105     0.04847     0.08717     0.01168     0.01489     0.00926     0.02415     0.00901     0.28901
     2.75798     0.03066     0.06006     0.05159     0.07566     0.01223     0.01729     0.00929     0.02120     0.00775     0.28573
     2.92398     0.02291     0.05473     0.04315     0.06106     0.01320     0.01783     0.00691     0.01461     0.00542     0.23981
     3.08998     0.01703     0.04914     0.03286     0.05002     0.01715     0.01700     0.00518     0.01390     0.00412     0.20640
     3.25498     0.01381     0.05955     0.03404     0.05397     0.02066     0.01625     0.00559     0.01584     0.00393     0.22363
     3.42098     0.01370     0.06191     0.04534     0.06537     0.01720     0.01337     0.00650     0.01588     0.00398     0.24326
     3.58698     0.01625     0.04706     0.05818     0.07373     0.01256     0.01080     0.00654     0.01594     0.00378     0.24485
     3.75298     0.01870     0.03881     0.06123     0.07819     0.01086     0.01002     0.00624     0.01444     0.00381     0.24230
     3.91898     0.02120     0.04096     0.05053     0.07976     0.00946     0.00863     0.00643     0.01246     0.00403     0.23345
     4.08398     0.02294     0.05292     0.04222     0.08133     0.01040     0.00827     0.00708     0.01219     0.00434     0.24168
     4.24998     0.02218     0.07146     0.04505     0.07246     0.01227     0.01044     0.00778     0.01088     0.00503     0.25754
     4.41598     0.02124     0.08050     0.05370     0.05202     0.01123     0.01297     0.00891     0.00946     0.00572     0.25575
     4.58198     0.02357     0.06623     0.05790     0.03378     0.01129     0.01453     0.01036     0.01128     0.00753     0.23648
     4.74798     0.02799     0.05014     0.05392     0.02806     0.01297     0.01631     0.01096     0.01417     0.00933     0.22385
     4.91298     0.03067     0.04435     0.04887     0.02514     0.01321     0.01814     0.01009     0.01419     0.00934     0.21401
     5.07898     0.03485     0.04337     0.05478     0.02525     0.01426     0.01951     0.01056     0.01555     0.00963     0.22777
     5.24498     0.03527     0.04565     0.06137     0.02938     0.01565     0.01896     0.01101     0.01837     0.00910     0.24477
     5.41098     0.02979     0.05057     0.06211     0.02962     0.01543     0.01775     0.01039     0.01877     0.00808     0.24250
     5.57698     0.02314     0.05215     0.05731     0.02468     0.01596     0.01867     0.00981     0.01590     0.00765     0.22528
     5.74198     0.01971     0.05171     0.05486     0.01860     0.01767     0.02147     0.00996     0.01364     0.00928     0.21690
     5.90798     0.01880     0.04324     0.05424     0.01310     0.01665     0.02089     0.00982     0.01286     0.01266     0.20225
     6.07398     0.01809     0.03207     0.04789     0.01000     0.01659     0.01924     0.00909     0.01349     0.01676     0.18322
     6.23998     0.01792     0.02818     0.04219     0.00967     0.01895     0.02158     0.00945     0.01522     0.02041     0.18358
     6.40598     0.01803     0.02444     0.03957     0.00984     0.02355     0.02246     0.01118     0.01598     0.02345     0.18849
     6.57098     0.01966     0.02103     0.04222     0.00992     0.03017     0.02057     0.01473     0.01711     0.02609     0.20151
     6.73698     0.02367     0.02277     0.05067     0.01125     0.03137     0.02123     0.01958     0.01961     0.03112     0.23128
     6.90298     0.02604     0.02664     0.05075     0.01224     0.02720     0.02334     0.02172     0.02127     0.03440     0.24360
     7.06898     0.02656     0.02788     0.03918     0.01247     0.02969     0.02592     0.02178     0.02252     0.03572     0.24173
     7.23498     0.02889     0.02612     0.03125     0.01347     0.03964     0.02903     0.02338     0.02519     0.04151     0.25848
     7.39998     0.03066     0.02451     0.03072     0.01522     0.04329     0.03278     0.02419     0.02799     0.04677     0.27613
     7.56598     0.02867     0.02469     0.03097     0.01650     0.04291     0.03775     0.02350     0.02715     0.04688     0.27902
     7.73198     0.02494     0.02484     0.03137     0.01825     0.04717     0.04319     0.02603     0.02599     0.04590     0.28768
     7.89798     0.02287     0.02497     0.03391     0.02306     0.05248     0.04205     0.03340     0.02928     0.04353     0.30555
     8.06398     0.02267     0.02528     0.03701     0.02711     0.05415     0.03777     0.03933     0.03381     0.04250     0.31963
     8.22898     0.02223     0.02566     0.03908     0.02722     0.05032     0.03646     0.03930     0.03514     0.04815     0.32356
     8.39498     0.02219     0.02677     0.03873     0.02499     0.04659     0.03683     0.03677     0.03701     0.05297     0.32285
     8.56098     0.02346     0.02885     0.03793     0.02562     0.04685     0.03967     0.03559     0.04034     0.04985     0.32816
     8.72698     0.02330     0.03012     0.03577     0.02732     0.04378     0.04165     0.03578     0.04429     0.04677     0.32878
     8.89298     0.02264     0.03179     0.03490     0.02806     0.04086     0.04246     0.03601     0.04719     0.05000     0.33391
     9.05798     0.02272     0.03759     0.03833     0.02977     0.04277     0.04255     0.03595     0.04876     0.05840     0.35684
     9.22398     0.02169     0.04226     0.04346     0.03044     0.04706     0.04074     0.03382     0.04837     0.06200     0.36984
     9.38998     0.01932     0.04187     0.04293     0.02972     0.04874     0.04356     0.03095     0.04989     0.05956     0.36655
     9.55598     0.01777     0.03863     0.03977     0.02803     0.04821     0.04808     0.03197     0.05458     0.06199     0.36903
     9.72198     0.01706     0.03793     0.03669     0.02815     0.04991     0.04957     0.03839     0.05674     0.06319     0.37763
     9.88698     0.01615     0.03639     0.03349     0.02813     0.04729     0.04705     0.04589     0.05611     0.05661     0.36711
    10.05298     0.01344     0.02781     0.02989     0.02557     0.03619     0.03860     0.04116     0.04885     0.04598     0.30749
    10.21898     0.00842     0.01516     0.01980     0.01763     0.02091     0.02339     0.02481     0.03102     0.02734     0.18848
    10.38498     0.00306     0.00488     0.00699     0.00679     0.00761     0.00801     0.00874     0.01076     0.00888     0.06573
    10.55098     0.00048     0.00072     0.00105     0.00115     0.00130     0.00120     0.00137     0.00160     0.00125     0.01012
    10.71598     0.00003     0.00004     0.00006     0.00007     0.00008     0.00007     0.00008     0.00009     0.00007     0.00059
    10.88198     0.00000     0.00000     0.00000     0.00000     0.00000     0.00000     0.00000     0.00000     0.00000     0.00001
    11.04798     0.00000     0.00000     0.00000     0.00000     0.00000     0.00000     0.00000     0.00000     0.00000     0.00000
    11.21398     0.00000     0.00000     0.00000     0.00000     0.00000     0.00000     0.00000     0.00000     0.00000     0.00000
    11.37998     0.00000     0.00000     0.00000     0.00000     0.00000     0.00000     0.00000     0.00000     0.00000     0.00000
    11.54498     0.00000     0.00000     0.00000     0.00000     0.00000     0.00000     0.00000     0.00000     0.00000     0.00000
    11.71098     0.00000     0.00000     0.00000     0.00000     0.00000     0.00000     0.00000     0.00000     0.00000     0.00000
    11.87698     0.00000     0.00000     0.00000     0.00000     0.00000     0.00000     0.00000     0.00000     0.00000     0.00000
    12.04298     0.00000     0.00000     0.00000     0.00000     0.00000     0.00000     0.00000     0.00000     0.00000     0.00000
    12.20898     0.00000     0.00000     0.00000     0.00000     0.00000     0.00000     0.00000     0.00000     0.00000     0.00000
    12.37398     0.00000     0.00000     0.00000     0.00000     0.00000     0.00000     0.00000     0.00000     0.00000     0.00000
    12.53998     0.00000     0.00000     0.00000     0.00000     0.00000     0.00000     0.00000     0.00000     0.00000     0.00000
