     #Energy           s          py          pz          px         dxy         dyz         dz2         dxz         dx2       tot  
   -37.20002     0.00000     0.00000     0.00000     0.00000     0.00000     0.00000     0.00000     0.00000     0.00000     0.00000
   -37.03402     0.00000     0.00000     0.00000     0.00000     0.00000     0.00000     0.00000     0.00000     0.00000     0.00000
   -36.86902     0.00000     0.00000     0.00000     0.00000     0.00000     0.00000     0.00000     0.00000     0.00000     0.00000
   -36.70302     0.00000     0.00000     0.00000     0.00000     0.00000     0.00000     0.00000     0.00000     0.00000     0.00000
   -36.53702     0.00000     0.00000     0.00000     0.00000     0.00000     0.00000     0.00000     0.00000     0.00000     0.00000
   -36.37102     0.00000     0.00000     0.00000     0.00000     0.00000     0.00000     0.00000     0.00000     0.00000     0.00000
   -36.20502     0.00000     0.00000     0.00000     0.00000     0.00000     0.00000     0.00000     0.00000     0.00000     0.00000
   -36.04002    -0.00000    -0.00000    -0.00000    -0.00000    -0.00000    -0.00000    -0.00000    -0.00000    -0.00000    -0.00000
   -35.87402    -0.00000    -0.00000    -0.00000    -0.00000    -0.00000    -0.00000    -0.00000    -0.00000    -0.00000    -0.00000
   -35.70802    -0.00000    -0.00000    -0.00000    -0.00000    -0.00000    -0.00000    -0.00000    -0.00000    -0.00000    -0.00000
   -35.54202    -0.00000    -0.00000    -0.00000    -0.00000    -0.00000    -0.00000    -0.00000    -0.00000    -0.00000    -0.00000
   -35.37602    -0.00000    -0.00000    -0.00000    -0.00000    -0.00000    -0.00000    -0.00000    -0.00000    -0.00000    -0.00000
   -35.21102    -0.00000    -0.00000    -0.00000    -0.00000    -0.00000    -0.00000    -0.00000    -0.00000    -0.00000    -0.00000
   -35.04502    -0.00000    -0.00000    -0.00000    -0.00000    -0.00000    -0.00000    -0.00000    -0.00000    -0.00000    -0.00001
   -34.87902    -0.00010    -0.00004    -0.00005    -0.00001    -0.00000    -0.00001    -0.00000    -0.00000    -0.00000    -0.00022
   -34.71302    -0.00073    -0.00027    -0.00038    -0.00014    -0.00003    -0.00005    -0.00003    -0.00003    -0.00002    -0.00167
   -34.54702    -0.00205    -0.00083    -0.00104    -0.00051    -0.00010    -0.00018    -0.00007    -0.00012    -0.00006    -0.00496
   -34.38202    -0.00231    -0.00109    -0.00114    -0.00074    -0.00015    -0.00027    -0.00007    -0.00016    -0.00007    -0.00602
   -34.21602    -0.00105    -0.00060    -0.00050    -0.00041    -0.00008    -0.00017    -0.00003    -0.00009    -0.00004    -0.00298
   -34.05002    -0.00020    -0.00013    -0.00009    -0.00009    -0.00002    -0.00004    -0.00000    -0.00002    -0.00001    -0.00059
   -33.88402    -0.00002    -0.00001    -0.00001    -0.00001    -0.00000    -0.00000    -0.00000    -0.00000    -0.00000    -0.00005
   -33.71802    -0.00000    -0.00000    -0.00000    -0.00000    -0.00000    -0.00000    -0.00000    -0.00000    -0.00000    -0.00000
   -33.55302    -0.00000    -0.00000    -0.00000    -0.00000    -0.00000    -0.00000    -0.00000    -0.00000    -0.00000    -0.00000
   -33.38702    -0.00000    -0.00000    -0.00000    -0.00000    -0.00000    -0.00000    -0.00000    -0.00000    -0.00000    -0.00000
   -33.22102    -0.00000    -0.00000    -0.00000    -0.00000    -0.00000    -0.00000    -0.00000    -0.00000    -0.00000    -0.00000
   -33.05502    -0.00000    -0.00000    -0.00000    -0.00000    -0.00000    -0.00000    -0.00000    -0.00000    -0.00000    -0.00000
   -32.88902     0.00000     0.00000     0.00000     0.00000     0.00000     0.00000     0.00000     0.00000     0.00000     0.00000
   -32.72402     0.00000     0.00000     0.00000     0.00000     0.00000     0.00000     0.00000     0.00000     0.00000     0.00000
   -32.55802     0.00000     0.00000     0.00000     0.00000     0.00000     0.00000     0.00000     0.00000     0.00000     0.00000
   -32.39202     0.00000     0.00000     0.00000     0.00000     0.00000     0.00000     0.00000     0.00000     0.00000     0.00000
   -32.22602     0.00000     0.00000     0.00000     0.00000     0.00000     0.00000     0.00000     0.00000     0.00000     0.00000
   -32.06002     0.00000     0.00000     0.00000     0.00000     0.00000     0.00000     0.00000     0.00000     0.00000     0.00000
   -31.89502     0.00000     0.00000     0.00000     0.00000     0.00000     0.00000     0.00000     0.00000     0.00000     0.00000
   -31.72902     0.00000     0.00000     0.00000     0.00000     0.00000     0.00000     0.00000     0.00000     0.00000     0.00000
   -31.56302     0.00000     0.00000     0.00000     0.00000     0.00000     0.00000     0.00000     0.00000     0.00000     0.00000
   -31.39702     0.00000     0.00000     0.00000     0.00000     0.00000     0.00000     0.00000     0.00000     0.00000     0.00000
   -31.23102     0.00000     0.00000     0.00000     0.00000     0.00000     0.00000     0.00000     0.00000     0.00000     0.00000
   -31.06602     0.00000     0.00000     0.00000     0.00000     0.00000     0.00000     0.00000     0.00000     0.00000     0.00000
   -30.90002     0.00000     0.00000     0.00000     0.00000     0.00000     0.00000     0.00000     0.00000     0.00000     0.00000
   -30.73402     0.00000     0.00000     0.00000     0.00000     0.00000     0.00000     0.00000     0.00000     0.00000     0.00000
   -30.56802     0.00000     0.00000     0.00000     0.00000     0.00000     0.00000     0.00000     0.00000     0.00000     0.00000
   -30.40202     0.00000     0.00000     0.00000     0.00000     0.00000     0.00000     0.00000     0.00000     0.00000     0.00000
   -30.23702     0.00000     0.00000     0.00000     0.00000     0.00000     0.00000     0.00000     0.00000     0.00000     0.00000
   -30.07102     0.00000     0.00000     0.00000     0.00000     0.00000     0.00000     0.00000     0.00000     0.00000     0.00000
   -29.90502     0.00000     0.00000     0.00000     0.00000     0.00000     0.00000     0.00000     0.00000     0.00000     0.00000
   -29.73902     0.00000     0.00000     0.00000     0.00000     0.00000     0.00000     0.00000     0.00000     0.00000     0.00000
   -29.57302     0.00000     0.00000     0.00000     0.00000     0.00000     0.00000     0.00000     0.00000     0.00000     0.00000
   -29.40802     0.00000     0.00000     0.00000     0.00000     0.00000     0.00000     0.00000     0.00000     0.00000     0.00000
   -29.24202     0.00000     0.00000     0.00000     0.00000     0.00000     0.00000     0.00000     0.00000     0.00000     0.00000
   -29.07602     0.00000     0.00000     0.00000     0.00000     0.00000     0.00000     0.00000     0.00000     0.00000     0.00000
   -28.91002     0.00000     0.00000     0.00000     0.00000     0.00000     0.00000     0.00000     0.00000     0.00000     0.00000
   -28.74402     0.00000     0.00000     0.00000     0.00000     0.00000     0.00000     0.00000     0.00000     0.00000     0.00000
   -28.57902     0.00000     0.00000     0.00000     0.00000     0.00000     0.00000     0.00000     0.00000     0.00000     0.00000
   -28.41302     0.00000     0.00000     0.00000     0.00000     0.00000     0.00000     0.00000     0.00000     0.00000     0.00000
   -28.24702     0.00000     0.00000     0.00000     0.00000     0.00000     0.00000     0.00000     0.00000     0.00000     0.00000
   -28.08102     0.00000     0.00000     0.00000     0.00000     0.00000     0.00000     0.00000     0.00000     0.00000     0.00000
   -27.91502     0.00000     0.00000     0.00000     0.00000     0.00000     0.00000     0.00000     0.00000     0.00000     0.00000
   -27.75002     0.00000     0.00000     0.00000     0.00000     0.00000     0.00000     0.00000     0.00000     0.00000     0.00000
   -27.58402     0.00000     0.00000     0.00000     0.00000     0.00000     0.00000     0.00000     0.00000     0.00000     0.00000
   -27.41802     0.00000     0.00000     0.00000     0.00000     0.00000     0.00000     0.00000     0.00000     0.00000     0.00000
   -27.25202     0.00000     0.00000     0.00000     0.00000     0.00000     0.00000     0.00000     0.00000     0.00000     0.00000
   -27.08602     0.00000     0.00000     0.00000     0.00000     0.00000     0.00000     0.00000     0.00000     0.00000     0.00000
   -26.92102     0.00000     0.00000     0.00000     0.00000     0.00000     0.00000     0.00000     0.00000     0.00000     0.00000
   -26.75502     0.00000     0.00000     0.00000     0.00000     0.00000     0.00000     0.00000     0.00000     0.00000     0.00000
   -26.58902     0.00000     0.00000     0.00000     0.00000     0.00000     0.00000     0.00000     0.00000     0.00000     0.00000
   -26.42302     0.00000     0.00000     0.00000     0.00000     0.00000     0.00000     0.00000     0.00000     0.00000     0.00000
   -26.25702     0.00000     0.00000     0.00000     0.00000     0.00000     0.00000     0.00000     0.00000     0.00000     0.00000
   -26.09202     0.00000     0.00000     0.00000     0.00000     0.00000     0.00000     0.00000     0.00000     0.00000     0.00000
   -25.92602     0.00000     0.00000     0.00000     0.00000     0.00000     0.00000     0.00000     0.00000     0.00000     0.00000
   -25.76002     0.00000     0.00000     0.00000     0.00000     0.00000     0.00000     0.00000     0.00000     0.00000     0.00000
   -25.59402     0.00000     0.00000     0.00000     0.00000     0.00000     0.00000     0.00000     0.00000     0.00000     0.00000
   -25.42802     0.00000     0.00000     0.00000     0.00000     0.00000     0.00000     0.00000     0.00000     0.00000     0.00000
   -25.26302     0.00000     0.00000     0.00000     0.00000     0.00000     0.00000     0.00000     0.00000     0.00000     0.00000
   -25.09702     0.00000     0.00000     0.00000     0.00000     0.00000     0.00000     0.00000     0.00000     0.00000     0.00000
   -24.93102     0.00000     0.00000     0.00000     0.00000     0.00000     0.00000     0.00000     0.00000     0.00000     0.00000
   -24.76502     0.00000     0.00000     0.00000     0.00000     0.00000     0.00000     0.00000     0.00000     0.00000     0.00000
   -24.59902     0.00000     0.00000     0.00000     0.00000     0.00000     0.00000     0.00000     0.00000     0.00000     0.00000
   -24.43402     0.00000     0.00000     0.00000     0.00000     0.00000     0.00000     0.00000     0.00000     0.00000     0.00000
   -24.26802    -0.00000    -0.00000    -0.00000    -0.00000    -0.00000    -0.00000    -0.00000    -0.00000    -0.00000    -0.00000
   -24.10202    -0.00000    -0.00000    -0.00000    -0.00000    -0.00000    -0.00000    -0.00000    -0.00000    -0.00000    -0.00000
   -23.93602    -0.00000    -0.00000    -0.00000    -0.00000    -0.00000    -0.00000    -0.00000    -0.00000    -0.00000    -0.00000
   -23.77002    -0.00000    -0.00000    -0.00000    -0.00000    -0.00000    -0.00000    -0.00000    -0.00000    -0.00000    -0.00000
   -23.60502    -0.00001    -0.00000    -0.00001    -0.00000    -0.00000    -0.00000    -0.00000    -0.00000    -0.00000    -0.00002
   -23.43902    -0.00031    -0.00000    -0.00021    -0.00000    -0.00000    -0.00000    -0.00004    -0.00000    -0.00000    -0.00057
   -23.27302    -0.00304    -0.00004    -0.00205    -0.00000    -0.00000    -0.00002    -0.00040    -0.00000    -0.00000    -0.00556
   -23.10702    -0.00851    -0.00011    -0.00574    -0.00001    -0.00000    -0.00006    -0.00112    -0.00001    -0.00000    -0.01555
   -22.94102    -0.00697    -0.00009    -0.00470    -0.00001    -0.00000    -0.00005    -0.00092    -0.00000    -0.00000    -0.01274
   -22.77602    -0.00167    -0.00002    -0.00112    -0.00000    -0.00000    -0.00001    -0.00022    -0.00000    -0.00000    -0.00304
   -22.61002    -0.00011    -0.00000    -0.00008    -0.00000    -0.00000    -0.00000    -0.00001    -0.00000    -0.00000    -0.00021
   -22.44402    -0.00000    -0.00000    -0.00000    -0.00000    -0.00000    -0.00000    -0.00000    -0.00000    -0.00000    -0.00000
   -22.27802    -0.00000    -0.00000    -0.00000    -0.00000    -0.00000    -0.00000    -0.00000    -0.00000    -0.00000    -0.00000
   -22.11202    -0.00000    -0.00000    -0.00000    -0.00000    -0.00000    -0.00000    -0.00000    -0.00000    -0.00000    -0.00000
   -21.94702    -0.00000    -0.00000    -0.00000    -0.00000    -0.00000    -0.00000    -0.00000    -0.00000    -0.00000    -0.00000
   -21.78102     0.00000     0.00000     0.00000     0.00000     0.00000     0.00000     0.00000     0.00000     0.00000     0.00000
   -21.61502     0.00000     0.00000     0.00000     0.00000     0.00000     0.00000     0.00000     0.00000     0.00000     0.00000
   -21.44902     0.00000     0.00000     0.00000     0.00000     0.00000     0.00000     0.00000     0.00000     0.00000     0.00000
   -21.28302     0.00000     0.00000     0.00000     0.00000     0.00000     0.00000     0.00000     0.00000     0.00000     0.00000
   -21.11802     0.00000     0.00000     0.00000     0.00000     0.00000     0.00000     0.00000     0.00000     0.00000     0.00000
   -20.95202     0.00000     0.00000     0.00000     0.00000     0.00000     0.00000     0.00000     0.00000     0.00000     0.00000
   -20.78602     0.00000     0.00000     0.00000     0.00000     0.00000     0.00000     0.00000     0.00000     0.00000     0.00000
   -20.62002     0.00000     0.00000     0.00000     0.00000     0.00000     0.00000     0.00000     0.00000     0.00000     0.00000
   -20.45402     0.00000     0.00000     0.00000     0.00000     0.00000     0.00000     0.00000     0.00000     0.00000     0.00000
   -20.28902     0.00000     0.00000     0.00000     0.00000     0.00000     0.00000     0.00000     0.00000     0.00000     0.00000
   -20.12302     0.00000     0.00000     0.00000     0.00000     0.00000     0.00000     0.00000     0.00000     0.00000     0.00000
   -19.95702     0.00000     0.00000     0.00000     0.00000     0.00000     0.00000     0.00000     0.00000     0.00000     0.00000
   -19.79102     0.00000     0.00000     0.00000     0.00000     0.00000     0.00000     0.00000     0.00000     0.00000     0.00000
   -19.62502     0.00000     0.00000     0.00000     0.00000     0.00000     0.00000     0.00000     0.00000     0.00000     0.00000
   -19.46002     0.00000     0.00000     0.00000     0.00000     0.00000     0.00000     0.00000     0.00000     0.00000     0.00000
   -19.29402     0.00000     0.00000     0.00000     0.00000     0.00000     0.00000     0.00000     0.00000     0.00000     0.00000
   -19.12802     0.00000     0.00000     0.00000     0.00000     0.00000     0.00000     0.00000     0.00000     0.00000     0.00000
   -18.96202     0.00000     0.00000     0.00000     0.00000     0.00000     0.00000     0.00000     0.00000     0.00000     0.00000
   -18.79602     0.00000     0.00000     0.00000     0.00000     0.00000     0.00000     0.00000     0.00000     0.00000     0.00000
   -18.63002     0.00000     0.00000     0.00000     0.00000     0.00000     0.00000     0.00000     0.00000     0.00000     0.00000
   -18.46502     0.00000     0.00000     0.00000     0.00000     0.00000     0.00000     0.00000     0.00000     0.00000     0.00000
   -18.29902    -0.00000    -0.00000    -0.00000    -0.00000    -0.00000    -0.00000    -0.00000    -0.00000    -0.00000    -0.00000
   -18.13302    -0.00000    -0.00000    -0.00000    -0.00000    -0.00000    -0.00000    -0.00000    -0.00000    -0.00000    -0.00000
   -17.96702    -0.00000    -0.00000    -0.00000    -0.00000    -0.00000    -0.00000    -0.00000    -0.00000    -0.00000    -0.00000
   -17.80102    -0.00000    -0.00000    -0.00000    -0.00000    -0.00000    -0.00000    -0.00000    -0.00000    -0.00000    -0.00000
   -17.63602    -0.00008    -0.00000    -0.00002    -0.00000    -0.00000    -0.00000    -0.00000    -0.00000    -0.00000    -0.00010
   -17.47002    -0.00273    -0.00004    -0.00076    -0.00002    -0.00000    -0.00002    -0.00013    -0.00001    -0.00000    -0.00370
   -17.30402    -0.02722    -0.00040    -0.00753    -0.00024    -0.00000    -0.00016    -0.00126    -0.00011    -0.00000    -0.03693
   -17.13802    -0.07802    -0.00115    -0.02158    -0.00070    -0.00001    -0.00047    -0.00362    -0.00031    -0.00000    -0.10586
   -16.97202    -0.06551    -0.00096    -0.01812    -0.00059    -0.00001    -0.00040    -0.00304    -0.00026    -0.00000    -0.08889
   -16.80702    -0.01606    -0.00024    -0.00444    -0.00014    -0.00000    -0.00010    -0.00074    -0.00006    -0.00000    -0.02180
   -16.64102    -0.00112    -0.00002    -0.00031    -0.00001    -0.00000    -0.00001    -0.00005    -0.00000    -0.00000    -0.00152
   -16.47502    -0.00002    -0.00000    -0.00001    -0.00000    -0.00000    -0.00000    -0.00000    -0.00000    -0.00000    -0.00003
   -16.30902    -0.00000    -0.00000    -0.00000    -0.00000    -0.00000    -0.00000    -0.00000    -0.00000    -0.00000    -0.00000
   -16.14302    -0.00000    -0.00000    -0.00000    -0.00000    -0.00000    -0.00000    -0.00000    -0.00000    -0.00000    -0.00000
   -15.97802    -0.00000    -0.00000    -0.00000    -0.00000    -0.00000    -0.00000    -0.00000    -0.00000    -0.00000    -0.00000
   -15.81202     0.00000     0.00000     0.00000     0.00000     0.00000     0.00000     0.00000     0.00000     0.00000     0.00000
   -15.64602     0.00000     0.00000     0.00000     0.00000     0.00000     0.00000     0.00000     0.00000     0.00000     0.00000
   -15.48002     0.00000     0.00000     0.00000     0.00000     0.00000     0.00000     0.00000     0.00000     0.00000     0.00000
   -15.31402     0.00000     0.00000     0.00000     0.00000     0.00000     0.00000     0.00000     0.00000     0.00000     0.00000
   -15.14902     0.00000     0.00000     0.00000     0.00000     0.00000     0.00000     0.00000     0.00000     0.00000     0.00000
   -14.98302     0.00000     0.00000     0.00000     0.00000     0.00000     0.00000     0.00000     0.00000     0.00000     0.00000
   -14.81702     0.00000     0.00000     0.00000     0.00000     0.00000     0.00000     0.00000     0.00000     0.00000     0.00000
   -14.65102     0.00000     0.00000     0.00000     0.00000     0.00000     0.00000     0.00000     0.00000     0.00000     0.00000
   -14.48502     0.00000     0.00000     0.00000     0.00000     0.00000     0.00000     0.00000     0.00000     0.00000     0.00000
   -14.32002     0.00000     0.00000     0.00000     0.00000     0.00000     0.00000     0.00000     0.00000     0.00000     0.00000
   -14.15402     0.00000     0.00000     0.00000     0.00000     0.00000     0.00000     0.00000     0.00000     0.00000     0.00000
   -13.98802     0.00000     0.00000     0.00000     0.00000     0.00000     0.00000     0.00000     0.00000     0.00000     0.00000
   -13.82202    -0.00000    -0.00000    -0.00000    -0.00000    -0.00000    -0.00000    -0.00000    -0.00000    -0.00000    -0.00000
   -13.65602    -0.00000    -0.00000    -0.00000    -0.00000    -0.00000    -0.00000    -0.00000    -0.00000    -0.00000    -0.00000
   -13.49102    -0.00000    -0.00000    -0.00000    -0.00000    -0.00000    -0.00000    -0.00000    -0.00000    -0.00000    -0.00000
   -13.32502    -0.00000    -0.00000    -0.00000    -0.00000    -0.00000    -0.00000    -0.00000    -0.00000    -0.00000    -0.00000
   -13.15902    -0.00043    -0.00000    -0.00001    -0.00000    -0.00000    -0.00000    -0.00000    -0.00000    -0.00000    -0.00044
   -12.99302    -0.01280    -0.00000    -0.00016    -0.00000    -0.00000    -0.00000    -0.00000    -0.00000    -0.00000    -0.01296
   -12.82702    -0.11421    -0.00002    -0.00145    -0.00001    -0.00000    -0.00000    -0.00000    -0.00000    -0.00000    -0.11570
   -12.66202    -0.32835    -0.00015    -0.00411    -0.00006    -0.00000    -0.00000    -0.00001    -0.00000    -0.00000    -0.33269
   -12.49602    -0.38010    -0.00050    -0.00454    -0.00025    -0.00000    -0.00001    -0.00001    -0.00000    -0.00000    -0.38542
   -12.33002    -0.34912    -0.00088    -0.00363    -0.00063    -0.00000    -0.00001    -0.00001    -0.00001    -0.00001    -0.35429
   -12.16402    -0.36575    -0.00104    -0.00331    -0.00093    -0.00001    -0.00001    -0.00001    -0.00001    -0.00001    -0.37108
   -11.99802    -0.33006    -0.00108    -0.00266    -0.00122    -0.00001    -0.00001    -0.00001    -0.00001    -0.00001    -0.33508
   -11.83302    -0.36980    -0.00123    -0.00242    -0.00160    -0.00002    -0.00002    -0.00004    -0.00002    -0.00002    -0.37517
   -11.66702    -0.50360    -0.00139    -0.00281    -0.00216    -0.00003    -0.00002    -0.00006    -0.00003    -0.00004    -0.51014
   -11.50102    -0.49930    -0.00136    -0.00260    -0.00287    -0.00004    -0.00002    -0.00005    -0.00004    -0.00006    -0.50635
   -11.33502    -0.49520    -0.00170    -0.00261    -0.00354    -0.00005    -0.00002    -0.00005    -0.00004    -0.00009    -0.50331
   -11.16902    -0.58940    -0.00229    -0.00376    -0.00398    -0.00007    -0.00004    -0.00010    -0.00006    -0.00015    -0.59985
   -11.00402    -0.62380    -0.00267    -0.00467    -0.00443    -0.00009    -0.00007    -0.00014    -0.00008    -0.00020    -0.63617
   -10.83802    -0.62760    -0.00280    -0.00571    -0.00500    -0.00013    -0.00011    -0.00021    -0.00011    -0.00023    -0.64189
   -10.67202    -0.62390    -0.00254    -0.00672    -0.00458    -0.00017    -0.00011    -0.00028    -0.00015    -0.00028    -0.63874
   -10.50602    -0.53456    -0.00172    -0.00560    -0.00382    -0.00018    -0.00007    -0.00029    -0.00020    -0.00031    -0.54675
   -10.34002    -0.34756    -0.00092    -0.00320    -0.00301    -0.00016    -0.00003    -0.00023    -0.00027    -0.00028    -0.35565
   -10.17502    -0.16801    -0.00045    -0.00139    -0.00184    -0.00011    -0.00001    -0.00014    -0.00025    -0.00019    -0.17239
   -10.00902    -0.04930    -0.00015    -0.00039    -0.00055    -0.00005    -0.00000    -0.00005    -0.00011    -0.00006    -0.05066
    -9.84302    -0.00645    -0.00002    -0.00005    -0.00006    -0.00001    -0.00000    -0.00001    -0.00002    -0.00001    -0.00662
    -9.67702    -0.00031    -0.00000    -0.00000    -0.00000    -0.00000    -0.00000    -0.00000    -0.00000    -0.00000    -0.00032
    -9.51102    -0.00000    -0.00000    -0.00000    -0.00000    -0.00000    -0.00000    -0.00000    -0.00000    -0.00000    -0.00001
    -9.34602    -0.00000    -0.00000    -0.00000    -0.00000    -0.00000    -0.00000    -0.00000    -0.00000    -0.00000    -0.00000
    -9.18002    -0.00000    -0.00000    -0.00000    -0.00000    -0.00000    -0.00000    -0.00000    -0.00000    -0.00000    -0.00000
    -9.01402    -0.00000    -0.00000    -0.00000    -0.00000    -0.00000    -0.00000    -0.00000    -0.00000    -0.00000    -0.00000
    -8.84802    -0.00001    -0.00000    -0.00001    -0.00000    -0.00000    -0.00000    -0.00000    -0.00000    -0.00000    -0.00002
    -8.68202    -0.00036    -0.00001    -0.00040    -0.00012    -0.00000    -0.00000    -0.00002    -0.00002    -0.00000    -0.00092
    -8.51702    -0.00593    -0.00012    -0.00661    -0.00208    -0.00002    -0.00005    -0.00028    -0.00032    -0.00000    -0.01540
    -8.35102    -0.02817    -0.00057    -0.03140    -0.00988    -0.00009    -0.00022    -0.00132    -0.00150    -0.00002    -0.07316
    -8.18502    -0.03897    -0.00079    -0.04343    -0.01366    -0.00012    -0.00031    -0.00182    -0.00207    -0.00002    -0.10120
    -8.01902    -0.01581    -0.00032    -0.01762    -0.00554    -0.00005    -0.00013    -0.00074    -0.00084    -0.00001    -0.04105
    -7.85302    -0.00185    -0.00004    -0.00206    -0.00065    -0.00001    -0.00001    -0.00009    -0.00010    -0.00000    -0.00480
    -7.68802    -0.00006    -0.00000    -0.00007    -0.00002    -0.00000    -0.00000    -0.00000    -0.00000    -0.00000    -0.00016
    -7.52202    -0.00000    -0.00000    -0.00000    -0.00000    -0.00000    -0.00000    -0.00000    -0.00000    -0.00000    -0.00000
    -7.35602    -0.00000    -0.00000    -0.00000    -0.00000    -0.00000    -0.00000    -0.00000    -0.00000    -0.00000    -0.00000
    -7.19002    -0.00000    -0.00000    -0.00001    -0.00000    -0.00000    -0.00000    -0.00000    -0.00000    -0.00000    -0.00001
    -7.02402    -0.00004    -0.00006    -0.00046    -0.00000    -0.00000    -0.00001    -0.00001    -0.00000    -0.00000    -0.00057
    -6.85902    -0.00097    -0.00145    -0.01152    -0.00005    -0.00000    -0.00013    -0.00020    -0.00000    -0.00000    -0.01433
    -6.69302    -0.00684    -0.01025    -0.08115    -0.00032    -0.00002    -0.00088    -0.00144    -0.00002    -0.00001    -0.10094
    -6.52702    -0.01396    -0.02090    -0.16549    -0.00065    -0.00005    -0.00180    -0.00293    -0.00004    -0.00002    -0.20585
    -6.36102    -0.00836    -0.01258    -0.09913    -0.00040    -0.00003    -0.00108    -0.00175    -0.00002    -0.00001    -0.12337
    -6.19502    -0.00156    -0.00489    -0.02025    -0.00059    -0.00001    -0.00019    -0.00035    -0.00001    -0.00000    -0.02785
    -6.03002    -0.00117    -0.02801    -0.03222    -0.00554    -0.00004    -0.00006    -0.00053    -0.00005    -0.00001    -0.06763
    -5.86402    -0.00339    -0.08447    -0.09502    -0.01949    -0.00013    -0.00018    -0.00159    -0.00017    -0.00004    -0.20449
    -5.69802    -0.00379    -0.08541    -0.09002    -0.03575    -0.00016    -0.00045    -0.00174    -0.00035    -0.00005    -0.21772
    -5.53202    -0.00442    -0.05622    -0.04104    -0.05996    -0.00018    -0.00100    -0.00141    -0.00070    -0.00010    -0.16503
    -5.36602    -0.01194    -0.06087    -0.03675    -0.08331    -0.00032    -0.00145    -0.00169    -0.00109    -0.00021    -0.19763
    -5.20102    -0.02466    -0.07973    -0.05171    -0.09273    -0.00048    -0.00170    -0.00211    -0.00127    -0.00034    -0.25473
    -5.03502    -0.02684    -0.09266    -0.04367    -0.09082    -0.00059    -0.00162    -0.00183    -0.00126    -0.00045    -0.25972
    -4.86902    -0.02238    -0.10342    -0.02329    -0.09423    -0.00073    -0.00141    -0.00123    -0.00135    -0.00058    -0.24861
    -4.70302    -0.02065    -0.11700    -0.01560    -0.10144    -0.00068    -0.00137    -0.00111    -0.00141    -0.00066    -0.25993
    -4.53702    -0.02034    -0.13483    -0.01870    -0.14353    -0.00050    -0.00124    -0.00146    -0.00140    -0.00070    -0.32269
    -4.37202    -0.01960    -0.16617    -0.02723    -0.22077    -0.00051    -0.00119    -0.00268    -0.00156    -0.00077    -0.44048
    -4.20602    -0.02322    -0.17234    -0.03705    -0.23430    -0.00078    -0.00124    -0.00405    -0.00173    -0.00096    -0.47567
    -4.04002    -0.03258    -0.13203    -0.04884    -0.16064    -0.00088    -0.00114    -0.00440    -0.00148    -0.00112    -0.38312
    -3.87402    -0.03765    -0.08999    -0.05506    -0.10213    -0.00071    -0.00094    -0.00401    -0.00106    -0.00086    -0.29242
    -3.70802    -0.03133    -0.08919    -0.06866    -0.09075    -0.00064    -0.00103    -0.00390    -0.00087    -0.00067    -0.28704
    -3.54302    -0.02654    -0.10894    -0.11750    -0.09009    -0.00077    -0.00145    -0.00532    -0.00099    -0.00105    -0.35265
    -3.37702    -0.03375    -0.11472    -0.18275    -0.07943    -0.00105    -0.00173    -0.00698    -0.00112    -0.00153    -0.42306
    -3.21102    -0.03843    -0.11103    -0.19854    -0.06730    -0.00146    -0.00158    -0.00606    -0.00115    -0.00175    -0.42730
    -3.04502    -0.03883    -0.11710    -0.18907    -0.06868    -0.00185    -0.00152    -0.00410    -0.00137    -0.00221    -0.42472
    -2.87902    -0.03651    -0.11705    -0.19257    -0.07799    -0.00197    -0.00185    -0.00321    -0.00163    -0.00272    -0.43550
    -2.71402    -0.03313    -0.11164    -0.20405    -0.08131    -0.00201    -0.00277    -0.00305    -0.00183    -0.00292    -0.44272
    -2.54802    -0.02858    -0.11488    -0.19952    -0.09337    -0.00233    -0.00470    -0.00287    -0.00227    -0.00294    -0.45145
    -2.38202    -0.02113    -0.11494    -0.16463    -0.11034    -0.00260    -0.00682    -0.00265    -0.00276    -0.00295    -0.42882
    -2.21602    -0.01594    -0.12334    -0.13882    -0.11510    -0.00298    -0.00809    -0.00295    -0.00316    -0.00314    -0.41352
    -2.05002    -0.01401    -0.14733    -0.11372    -0.12205    -0.00350    -0.00757    -0.00384    -0.00333    -0.00385    -0.41921
    -1.88502    -0.01395    -0.18092    -0.08350    -0.13302    -0.00377    -0.00609    -0.00485    -0.00337    -0.00504    -0.43452
    -1.71902    -0.01457    -0.21372    -0.06462    -0.13717    -0.00429    -0.00565    -0.00583    -0.00382    -0.00531    -0.45497
    -1.55302    -0.01366    -0.18197    -0.04982    -0.13043    -0.00475    -0.00510    -0.00648    -0.00401    -0.00470    -0.40092
    -1.38702    -0.01196    -0.15639    -0.03875    -0.13522    -0.00476    -0.00508    -0.00677    -0.00458    -0.00476    -0.36827
    -1.22102    -0.01229    -0.17834    -0.03903    -0.17129    -0.00426    -0.00601    -0.00632    -0.00652    -0.00551    -0.42958
    -1.05602    -0.01282    -0.17342    -0.04666    -0.17884    -0.00378    -0.00592    -0.00572    -0.00670    -0.00580    -0.43965
    -0.89002    -0.01216    -0.11520    -0.05096    -0.13290    -0.00390    -0.00400    -0.00634    -0.00436    -0.00518    -0.33500
    -0.72402    -0.00997    -0.06872    -0.05261    -0.08565    -0.00403    -0.00240    -0.00662    -0.00282    -0.00387    -0.23669
    -0.55802    -0.00737    -0.04769    -0.06501    -0.07107    -0.00374    -0.00179    -0.00610    -0.00271    -0.00274    -0.20821
    -0.39202    -0.00603    -0.03463    -0.05159    -0.06359    -0.00281    -0.00130    -0.00488    -0.00243    -0.00247    -0.16974
    -0.22702    -0.00612    -0.03228    -0.02369    -0.05314    -0.00196    -0.00091    -0.00363    -0.00194    -0.00242    -0.12609
    -0.06102    -0.00576    -0.02648    -0.01173    -0.04654    -0.00143    -0.00072    -0.00288    -0.00136    -0.00257    -0.09947
     0.10498    -0.00369    -0.01744    -0.00641    -0.03059    -0.00098    -0.00057    -0.00183    -0.00072    -0.00254    -0.06477
     0.27098    -0.00221    -0.01363    -0.00386    -0.02027    -0.00056    -0.00037    -0.00107    -0.00030    -0.00182    -0.04408
     0.43698    -0.00156    -0.00908    -0.00299    -0.04910    -0.00067    -0.00020    -0.00065    -0.00015    -0.00106    -0.06548
     0.60198    -0.00237    -0.00717    -0.00505    -0.11617    -0.00157    -0.00019    -0.00071    -0.00022    -0.00101    -0.13447
     0.76798    -0.00518    -0.01074    -0.01450    -0.12661    -0.00220    -0.00041    -0.00136    -0.00036    -0.00189    -0.16326
     0.93398    -0.01228    -0.02203    -0.04753    -0.08726    -0.00213    -0.00106    -0.00366    -0.00100    -0.00389    -0.18084
     1.09998    -0.02326    -0.04075    -0.10756    -0.07635    -0.00201    -0.00229    -0.00775    -0.00277    -0.00632    -0.26905
     1.26598    -0.03520    -0.05118    -0.15614    -0.07610    -0.00255    -0.00306    -0.00942    -0.00393    -0.00754    -0.34514
     1.43098    -0.04592    -0.04076    -0.18087    -0.05572    -0.00311    -0.00261    -0.00823    -0.00367    -0.00671    -0.34760
     1.59698    -0.03688    -0.03686    -0.13351    -0.03416    -0.00288    -0.00233    -0.00543    -0.00334    -0.00448    -0.25987
     1.76298    -0.01928    -0.04237    -0.06261    -0.03614    -0.00252    -0.00336    -0.00305    -0.00279    -0.00289    -0.17499
     1.92898    -0.01210    -0.03925    -0.04854    -0.04865    -0.00236    -0.00572    -0.00247    -0.00239    -0.00271    -0.16418
     2.09498    -0.01051    -0.02901    -0.05944    -0.05102    -0.00246    -0.00746    -0.00255    -0.00287    -0.00304    -0.16835
     2.25998    -0.01433    -0.02321    -0.05427    -0.06283    -0.00431    -0.00797    -0.00345    -0.00618    -0.00402    -0.18057
     2.42598    -0.02450    -0.03275    -0.04666    -0.08305    -0.00841    -0.01060    -0.00612    -0.01535    -0.00664    -0.23408
     2.59198    -0.03332    -0.05105    -0.04847    -0.08717    -0.01168    -0.01489    -0.00926    -0.02415    -0.00901    -0.28901
     2.75798    -0.03066    -0.06006    -0.05159    -0.07566    -0.01223    -0.01729    -0.00929    -0.02120    -0.00775    -0.28573
     2.92398    -0.02291    -0.05473    -0.04315    -0.06106    -0.01320    -0.01783    -0.00691    -0.01461    -0.00542    -0.23981
     3.08998    -0.01703    -0.04914    -0.03286    -0.05002    -0.01715    -0.01700    -0.00518    -0.01390    -0.00412    -0.20640
     3.25498    -0.01381    -0.05955    -0.03404    -0.05397    -0.02066    -0.01625    -0.00559    -0.01584    -0.00393    -0.22363
     3.42098    -0.01370    -0.06191    -0.04534    -0.06537    -0.01720    -0.01337    -0.00650    -0.01588    -0.00398    -0.24326
     3.58698    -0.01625    -0.04706    -0.05818    -0.07373    -0.01256    -0.01081    -0.00655    -0.01594    -0.00378    -0.24485
     3.75298    -0.01871    -0.03881    -0.06124    -0.07818    -0.01087    -0.01002    -0.00624    -0.01444    -0.00381    -0.24231
     3.91898    -0.02120    -0.04097    -0.05055    -0.07976    -0.00946    -0.00863    -0.00643    -0.01246    -0.00403    -0.23349
     4.08398    -0.02292    -0.05292    -0.04222    -0.08134    -0.01040    -0.00827    -0.00708    -0.01218    -0.00434    -0.24166
     4.24998    -0.02217    -0.07145    -0.04503    -0.07246    -0.01227    -0.01043    -0.00778    -0.01087    -0.00503    -0.25750
     4.41598    -0.02123    -0.08049    -0.05368    -0.05202    -0.01123    -0.01297    -0.00890    -0.00945    -0.00572    -0.25570
     4.58198    -0.02355    -0.06623    -0.05790    -0.03379    -0.01129    -0.01454    -0.01036    -0.01129    -0.00753    -0.23647
     4.74798    -0.02802    -0.05014    -0.05393    -0.02807    -0.01297    -0.01632    -0.01096    -0.01417    -0.00932    -0.22390
     4.91298    -0.03076    -0.04437    -0.04889    -0.02513    -0.01321    -0.01815    -0.01011    -0.01418    -0.00935    -0.21415
     5.07898    -0.03492    -0.04339    -0.05476    -0.02524    -0.01427    -0.01951    -0.01057    -0.01556    -0.00966    -0.22787
     5.24498    -0.03523    -0.04562    -0.06137    -0.02941    -0.01567    -0.01894    -0.01101    -0.01839    -0.00914    -0.24477
     5.41098    -0.02961    -0.05062    -0.06212    -0.02964    -0.01544    -0.01774    -0.01037    -0.01879    -0.00808    -0.24240
     5.57698    -0.02300    -0.05228    -0.05730    -0.02464    -0.01588    -0.01870    -0.00980    -0.01589    -0.00761    -0.22511
     5.74198    -0.01970    -0.05162    -0.05485    -0.01858    -0.01764    -0.02148    -0.00997    -0.01363    -0.00923    -0.21670
     5.90798    -0.01894    -0.04300    -0.05427    -0.01311    -0.01676    -0.02088    -0.00982    -0.01283    -0.01265    -0.20226
     6.07398    -0.01824    -0.03206    -0.04792    -0.00999    -0.01666    -0.01926    -0.00909    -0.01346    -0.01679    -0.18346
     6.23998    -0.01798    -0.02829    -0.04219    -0.00968    -0.01894    -0.02158    -0.00944    -0.01522    -0.02042    -0.18376
     6.40598    -0.01802    -0.02448    -0.03952    -0.00988    -0.02347    -0.02239    -0.01115    -0.01600    -0.02347    -0.18837
     6.57098    -0.01963    -0.02103    -0.04226    -0.00995    -0.03007    -0.02052    -0.01473    -0.01720    -0.02611    -0.20149
     6.73698    -0.02358    -0.02279    -0.05079    -0.01124    -0.03137    -0.02125    -0.01962    -0.01965    -0.03116    -0.23145
     6.90298    -0.02593    -0.02673    -0.05063    -0.01220    -0.02729    -0.02343    -0.02173    -0.02120    -0.03441    -0.24356
     7.06898    -0.02657    -0.02788    -0.03905    -0.01249    -0.02974    -0.02602    -0.02175    -0.02243    -0.03566    -0.24160
     7.23498    -0.02895    -0.02608    -0.03118    -0.01349    -0.03958    -0.02898    -0.02339    -0.02518    -0.04148    -0.25830
     7.39998    -0.03068    -0.02452    -0.03071    -0.01520    -0.04328    -0.03269    -0.02423    -0.02803    -0.04676    -0.27611
     7.56598    -0.02862    -0.02470    -0.03100    -0.01649    -0.04298    -0.03773    -0.02351    -0.02714    -0.04686    -0.27903
     7.73198    -0.02497    -0.02481    -0.03143    -0.01825    -0.04719    -0.04323    -0.02606    -0.02604    -0.04594    -0.28792
     7.89798    -0.02296    -0.02492    -0.03396    -0.02303    -0.05241    -0.04203    -0.03341    -0.02934    -0.04355    -0.30561
     8.06398    -0.02272    -0.02527    -0.03702    -0.02710    -0.05409    -0.03775    -0.03922    -0.03378    -0.04244    -0.31939
     8.22898    -0.02217    -0.02568    -0.03914    -0.02728    -0.05033    -0.03653    -0.03922    -0.03508    -0.04810    -0.32353
     8.39498    -0.02211    -0.02682    -0.03876    -0.02502    -0.04661    -0.03689    -0.03678    -0.03700    -0.05299    -0.32298
     8.56098    -0.02344    -0.02885    -0.03789    -0.02559    -0.04682    -0.03965    -0.03560    -0.04036    -0.04995    -0.32815
     8.72698    -0.02333    -0.03005    -0.03577    -0.02729    -0.04377    -0.04156    -0.03584    -0.04423    -0.04680    -0.32864
     8.89298    -0.02268    -0.03174    -0.03491    -0.02805    -0.04096    -0.04241    -0.03611    -0.04712    -0.04995    -0.33392
     9.05798    -0.02274    -0.03766    -0.03830    -0.02976    -0.04287    -0.04256    -0.03602    -0.04875    -0.05839    -0.35705
     9.22398    -0.02171    -0.04230    -0.04348    -0.03047    -0.04706    -0.04079    -0.03377    -0.04839    -0.06200    -0.36997
     9.38998    -0.01934    -0.04183    -0.04295    -0.02975    -0.04858    -0.04363    -0.03091    -0.04995    -0.05958    -0.36652
     9.55598    -0.01775    -0.03867    -0.03975    -0.02802    -0.04816    -0.04808    -0.03194    -0.05464    -0.06207    -0.36908
     9.72198    -0.01703    -0.03805    -0.03669    -0.02807    -0.05021    -0.04963    -0.03819    -0.05670    -0.06321    -0.37778
     9.88698    -0.01631    -0.03677    -0.03348    -0.02795    -0.04805    -0.04736    -0.04549    -0.05579    -0.05634    -0.36754
    10.05298    -0.01370    -0.02855    -0.02941    -0.02519    -0.03701    -0.03927    -0.04084    -0.04839    -0.04559    -0.30795
    10.21898    -0.00824    -0.01618    -0.01925    -0.01691    -0.02176    -0.02477    -0.02475    -0.03095    -0.02721    -0.19001
    10.38498    -0.00271    -0.00558    -0.00681    -0.00617    -0.00800    -0.00903    -0.00889    -0.01097    -0.00896    -0.06714
    10.55098    -0.00037    -0.00087    -0.00102    -0.00098    -0.00130    -0.00142    -0.00145    -0.00167    -0.00127    -0.01035
    10.71598    -0.00002    -0.00005    -0.00006    -0.00006    -0.00007    -0.00008    -0.00009    -0.00010    -0.00007    -0.00058
    10.88198    -0.00000    -0.00000    -0.00000    -0.00000    -0.00000    -0.00000    -0.00000    -0.00000    -0.00000    -0.00001
    11.04798    -0.00000    -0.00000    -0.00000    -0.00000    -0.00000    -0.00000    -0.00000    -0.00000    -0.00000    -0.00000
    11.21398    -0.00000    -0.00000    -0.00000    -0.00000    -0.00000    -0.00000    -0.00000    -0.00000    -0.00000    -0.00000
    11.37998    -0.00000    -0.00000    -0.00000    -0.00000    -0.00000    -0.00000    -0.00000    -0.00000    -0.00000    -0.00000
    11.54498    -0.00000    -0.00000    -0.00000    -0.00000    -0.00000    -0.00000    -0.00000    -0.00000    -0.00000    -0.00000
    11.71098     0.00000     0.00000     0.00000     0.00000     0.00000     0.00000     0.00000     0.00000     0.00000     0.00000
    11.87698     0.00000     0.00000     0.00000     0.00000     0.00000     0.00000     0.00000     0.00000     0.00000     0.00000
    12.04298     0.00000     0.00000     0.00000     0.00000     0.00000     0.00000     0.00000     0.00000     0.00000     0.00000
    12.20898     0.00000     0.00000     0.00000     0.00000     0.00000     0.00000     0.00000     0.00000     0.00000     0.00000
    12.37398     0.00000     0.00000     0.00000     0.00000     0.00000     0.00000     0.00000     0.00000     0.00000     0.00000
    12.53998     0.00000     0.00000     0.00000     0.00000     0.00000     0.00000     0.00000     0.00000     0.00000     0.00000
