     #Energy           s          py          pz          px         dxy         dyz         dz2         dxz         dx2       tot  
   -26.93739     0.00000     0.00000     0.00000     0.00000     0.00000     0.00000     0.00000     0.00000     0.00000     0.00000
   -26.81339     0.00000     0.00000     0.00000     0.00000     0.00000     0.00000     0.00000     0.00000     0.00000     0.00000
   -26.68839     0.00000     0.00000     0.00000     0.00000     0.00000     0.00000     0.00000     0.00000     0.00000     0.00000
   -26.56339     0.00000     0.00000     0.00000     0.00000     0.00000     0.00000     0.00000     0.00000     0.00000     0.00000
   -26.43939     0.00000     0.00000     0.00000     0.00000     0.00000     0.00000     0.00000     0.00000     0.00000     0.00000
   -26.31439     0.00000     0.00000     0.00000     0.00000     0.00000     0.00000     0.00000     0.00000     0.00000     0.00000
   -26.18939     0.00000     0.00000     0.00000     0.00000     0.00000     0.00000     0.00000     0.00000     0.00000     0.00000
   -26.06539     0.00000     0.00000     0.00000     0.00000     0.00000     0.00000     0.00000     0.00000     0.00000     0.00000
   -25.94039     0.00000     0.00000     0.00000     0.00000     0.00000     0.00000     0.00000     0.00000     0.00000     0.00000
   -25.81539     0.00000     0.00000     0.00000     0.00000     0.00000     0.00000     0.00000     0.00000     0.00000     0.00000
   -25.69139     0.00000     0.00000     0.00000     0.00000     0.00000     0.00000     0.00000     0.00000     0.00000     0.00000
   -25.56639     0.00000     0.00000     0.00000     0.00000     0.00000     0.00000     0.00000     0.00000     0.00000     0.00000
   -25.44139    -0.00000    -0.00000    -0.00000    -0.00000    -0.00000    -0.00000    -0.00000    -0.00000    -0.00000    -0.00000
   -25.31739    -0.00000    -0.00000    -0.00000    -0.00000    -0.00000    -0.00000    -0.00000    -0.00000    -0.00000    -0.00000
   -25.19239    -0.00000    -0.00000    -0.00000    -0.00000    -0.00000    -0.00000    -0.00000    -0.00000    -0.00000    -0.00000
   -25.06739    -0.00000    -0.00000    -0.00000    -0.00000    -0.00000    -0.00000    -0.00000    -0.00000    -0.00000    -0.00000
   -24.94239    -0.00000    -0.00000    -0.00000    -0.00000    -0.00000    -0.00000    -0.00000    -0.00000    -0.00000    -0.00000
   -24.81839    -0.00000    -0.00000    -0.00000    -0.00000    -0.00000    -0.00000    -0.00000    -0.00000    -0.00000    -0.00000
   -24.69339    -0.00000    -0.00000    -0.00000    -0.00000    -0.00000    -0.00000    -0.00000    -0.00000    -0.00000    -0.00000
   -24.56839    -0.00000    -0.00000    -0.00000    -0.00000    -0.00000    -0.00000    -0.00000    -0.00000    -0.00000    -0.00001
   -24.44439    -0.00001    -0.00000    -0.00000    -0.00001    -0.00000    -0.00000    -0.00000    -0.00000    -0.00001    -0.00004
   -24.31939    -0.00003    -0.00001    -0.00000    -0.00002    -0.00001    -0.00000    -0.00001    -0.00000    -0.00002    -0.00010
   -24.19439    -0.00006    -0.00002    -0.00000    -0.00004    -0.00001    -0.00000    -0.00002    -0.00000    -0.00003    -0.00018
   -24.07039    -0.00009    -0.00002    -0.00000    -0.00006    -0.00001    -0.00000    -0.00002    -0.00000    -0.00004    -0.00027
   -23.94539    -0.00013    -0.00003    -0.00000    -0.00007    -0.00002    -0.00000    -0.00002    -0.00000    -0.00005    -0.00033
   -23.82039    -0.00018    -0.00003    -0.00000    -0.00008    -0.00002    -0.00000    -0.00003    -0.00000    -0.00006    -0.00039
   -23.69639    -0.00022    -0.00003    -0.00000    -0.00008    -0.00002    -0.00000    -0.00003    -0.00000    -0.00006    -0.00044
   -23.57139    -0.00024    -0.00003    -0.00000    -0.00008    -0.00002    -0.00000    -0.00003    -0.00000    -0.00006    -0.00047
   -23.44639    -0.00025    -0.00003    -0.00000    -0.00008    -0.00002    -0.00000    -0.00003    -0.00000    -0.00006    -0.00047
   -23.32239    -0.00025    -0.00003    -0.00000    -0.00008    -0.00002    -0.00000    -0.00003    -0.00000    -0.00006    -0.00048
   -23.19739    -0.00025    -0.00003    -0.00000    -0.00008    -0.00002    -0.00000    -0.00003    -0.00000    -0.00006    -0.00048
   -23.07239    -0.00030    -0.00003    -0.00001    -0.00009    -0.00002    -0.00001    -0.00003    -0.00000    -0.00006    -0.00054
   -22.94739    -0.00051    -0.00004    -0.00004    -0.00009    -0.00002    -0.00001    -0.00004    -0.00000    -0.00006    -0.00081
   -22.82339    -0.00104    -0.00006    -0.00010    -0.00009    -0.00002    -0.00003    -0.00007    -0.00000    -0.00006    -0.00147
   -22.69839    -0.00173    -0.00009    -0.00018    -0.00009    -0.00002    -0.00006    -0.00010    -0.00000    -0.00007    -0.00235
   -22.57339    -0.00223    -0.00011    -0.00024    -0.00010    -0.00002    -0.00007    -0.00013    -0.00000    -0.00007    -0.00298
   -22.44939    -0.00243    -0.00012    -0.00027    -0.00010    -0.00002    -0.00008    -0.00014    -0.00000    -0.00007    -0.00323
   -22.32439    -0.00247    -0.00012    -0.00027    -0.00010    -0.00002    -0.00008    -0.00014    -0.00000    -0.00007    -0.00328
   -22.19939    -0.00247    -0.00012    -0.00027    -0.00010    -0.00002    -0.00008    -0.00014    -0.00000    -0.00007    -0.00329
   -22.07539    -0.00247    -0.00012    -0.00027    -0.00010    -0.00002    -0.00008    -0.00014    -0.00000    -0.00007    -0.00329
   -21.95039    -0.00247    -0.00012    -0.00027    -0.00010    -0.00002    -0.00008    -0.00014    -0.00000    -0.00007    -0.00329
   -21.82539    -0.00247    -0.00012    -0.00027    -0.00010    -0.00002    -0.00008    -0.00014    -0.00000    -0.00007    -0.00329
   -21.70139    -0.00247    -0.00012    -0.00027    -0.00010    -0.00002    -0.00008    -0.00014    -0.00000    -0.00007    -0.00329
   -21.57639    -0.00247    -0.00012    -0.00027    -0.00010    -0.00002    -0.00008    -0.00014    -0.00000    -0.00007    -0.00329
   -21.45139    -0.00247    -0.00012    -0.00027    -0.00010    -0.00002    -0.00008    -0.00014    -0.00000    -0.00007    -0.00329
   -21.32639    -0.00247    -0.00012    -0.00027    -0.00010    -0.00002    -0.00008    -0.00014    -0.00000    -0.00007    -0.00329
   -21.20239    -0.00247    -0.00012    -0.00027    -0.00010    -0.00002    -0.00008    -0.00014    -0.00000    -0.00007    -0.00329
   -21.07739    -0.00247    -0.00012    -0.00027    -0.00010    -0.00002    -0.00008    -0.00014    -0.00000    -0.00007    -0.00329
   -20.95239    -0.00247    -0.00012    -0.00027    -0.00010    -0.00002    -0.00008    -0.00014    -0.00000    -0.00007    -0.00329
   -20.82839    -0.00247    -0.00012    -0.00027    -0.00010    -0.00002    -0.00008    -0.00014    -0.00000    -0.00007    -0.00329
   -20.70339    -0.00247    -0.00012    -0.00027    -0.00010    -0.00002    -0.00008    -0.00014    -0.00000    -0.00007    -0.00329
   -20.57839    -0.00247    -0.00012    -0.00027    -0.00010    -0.00002    -0.00008    -0.00014    -0.00000    -0.00007    -0.00329
   -20.45439    -0.00247    -0.00012    -0.00027    -0.00010    -0.00002    -0.00008    -0.00014    -0.00000    -0.00007    -0.00329
   -20.32939    -0.00247    -0.00012    -0.00027    -0.00010    -0.00002    -0.00008    -0.00014    -0.00000    -0.00007    -0.00329
   -20.20439    -0.00247    -0.00012    -0.00027    -0.00010    -0.00002    -0.00008    -0.00014    -0.00000    -0.00007    -0.00329
   -20.08039    -0.00248    -0.00012    -0.00027    -0.00010    -0.00002    -0.00008    -0.00014    -0.00000    -0.00007    -0.00330
   -19.95539    -0.00257    -0.00013    -0.00028    -0.00011    -0.00003    -0.00009    -0.00014    -0.00002    -0.00008    -0.00345
   -19.83039    -0.00341    -0.00015    -0.00036    -0.00019    -0.00008    -0.00012    -0.00014    -0.00016    -0.00011    -0.00472
   -19.70639    -0.00983    -0.00030    -0.00075    -0.00047    -0.00025    -0.00025    -0.00014    -0.00062    -0.00023    -0.01285
   -19.58139    -0.04550    -0.00091    -0.00237    -0.00099    -0.00061    -0.00061    -0.00015    -0.00150    -0.00048    -0.05311
   -19.45639    -0.16413    -0.00270    -0.00708    -0.00160    -0.00104    -0.00134    -0.00015    -0.00245    -0.00083    -0.18132
   -19.33139    -0.39521    -0.00605    -0.01558    -0.00222    -0.00143    -0.00243    -0.00016    -0.00310    -0.00122    -0.42739
   -19.20739    -0.69425    -0.01041    -0.02533    -0.00336    -0.00171    -0.00348    -0.00018    -0.00344    -0.00157    -0.74373
   -19.08239    -1.00983    -0.01514    -0.03368    -0.00556    -0.00189    -0.00412    -0.00020    -0.00362    -0.00187    -1.07592
   -18.95739    -1.29254    -0.01950    -0.03990    -0.00827    -0.00200    -0.00442    -0.00022    -0.00376    -0.00212    -1.37273
   -18.83339    -1.48336    -0.02259    -0.04380    -0.01048    -0.00211    -0.00462    -0.00024    -0.00391    -0.00232    -1.57344
   -18.70839    -1.62448    -0.02540    -0.04673    -0.01295    -0.00235    -0.00506    -0.00027    -0.00422    -0.00262    -1.72409
   -18.58339    -1.83760    -0.03027    -0.05126    -0.01768    -0.00287    -0.00604    -0.00033    -0.00490    -0.00326    -1.95421
   -18.45939    -2.13325    -0.03713    -0.05749    -0.02448    -0.00357    -0.00738    -0.00042    -0.00582    -0.00415    -2.27369
   -18.33439    -2.37909    -0.04284    -0.06260    -0.03022    -0.00413    -0.00844    -0.00049    -0.00653    -0.00487    -2.53922
   -18.20939    -2.49357    -0.04550    -0.06494    -0.03292    -0.00439    -0.00891    -0.00053    -0.00685    -0.00520    -2.66280
   -18.08539    -2.52219    -0.04617    -0.06551    -0.03360    -0.00445    -0.00902    -0.00054    -0.00693    -0.00528    -2.69369
   -17.96039    -2.52588    -0.04625    -0.06559    -0.03369    -0.00445    -0.00904    -0.00054    -0.00694    -0.00529    -2.69767
   -17.83539    -2.52612    -0.04626    -0.06559    -0.03370    -0.00446    -0.00904    -0.00054    -0.00694    -0.00529    -2.69792
   -17.71139    -2.52612    -0.04626    -0.06559    -0.03370    -0.00446    -0.00904    -0.00054    -0.00694    -0.00529    -2.69793
   -17.58639    -2.52612    -0.04626    -0.06559    -0.03370    -0.00446    -0.00904    -0.00054    -0.00694    -0.00529    -2.69793
   -17.46139    -2.52612    -0.04626    -0.06559    -0.03370    -0.00446    -0.00904    -0.00054    -0.00694    -0.00529    -2.69793
   -17.33639    -2.52612    -0.04626    -0.06559    -0.03370    -0.00446    -0.00904    -0.00054    -0.00694    -0.00529    -2.69793
   -17.21239    -2.52612    -0.04626    -0.06559    -0.03370    -0.00446    -0.00904    -0.00054    -0.00694    -0.00529    -2.69793
   -17.08739    -2.52612    -0.04626    -0.06559    -0.03370    -0.00446    -0.00904    -0.00054    -0.00694    -0.00529    -2.69793
   -16.96239    -2.52612    -0.04626    -0.06559    -0.03370    -0.00446    -0.00904    -0.00054    -0.00694    -0.00529    -2.69793
   -16.83839    -2.52612    -0.04626    -0.06559    -0.03370    -0.00446    -0.00904    -0.00054    -0.00694    -0.00529    -2.69793
   -16.71339    -2.52612    -0.04626    -0.06559    -0.03370    -0.00446    -0.00904    -0.00054    -0.00694    -0.00529    -2.69793
   -16.58839    -2.52612    -0.04626    -0.06559    -0.03370    -0.00446    -0.00904    -0.00054    -0.00694    -0.00529    -2.69793
   -16.46439    -2.52612    -0.04626    -0.06559    -0.03370    -0.00446    -0.00904    -0.00054    -0.00694    -0.00529    -2.69793
   -16.33939    -2.52614    -0.04626    -0.06559    -0.03370    -0.00446    -0.00904    -0.00054    -0.00694    -0.00529    -2.69795
   -16.21439    -2.52630    -0.04627    -0.06561    -0.03370    -0.00446    -0.00906    -0.00054    -0.00694    -0.00529    -2.69817
   -16.09039    -2.52712    -0.04633    -0.06570    -0.03373    -0.00446    -0.00915    -0.00058    -0.00694    -0.00530    -2.69930
   -15.96539    -2.52933    -0.04648    -0.06593    -0.03379    -0.00446    -0.00939    -0.00068    -0.00696    -0.00533    -2.70234
   -15.84039    -2.53253    -0.04670    -0.06626    -0.03389    -0.00447    -0.00974    -0.00082    -0.00697    -0.00537    -2.70675
   -15.71539    -2.53509    -0.04688    -0.06653    -0.03396    -0.00448    -0.01001    -0.00093    -0.00699    -0.00540    -2.71027
   -15.59139    -2.53619    -0.04696    -0.06664    -0.03399    -0.00448    -0.01013    -0.00098    -0.00699    -0.00541    -2.71179
   -15.46639    -2.53645    -0.04697    -0.06667    -0.03400    -0.00448    -0.01016    -0.00099    -0.00699    -0.00541    -2.71213
   -15.34139    -2.53647    -0.04698    -0.06667    -0.03400    -0.00448    -0.01017    -0.00099    -0.00699    -0.00541    -2.71217
   -15.21739    -2.53648    -0.04698    -0.06667    -0.03400    -0.00448    -0.01017    -0.00099    -0.00699    -0.00541    -2.71217
   -15.09239    -2.53648    -0.04698    -0.06667    -0.03400    -0.00448    -0.01017    -0.00099    -0.00699    -0.00541    -2.71217
   -14.96739    -2.53648    -0.04698    -0.06667    -0.03400    -0.00448    -0.01017    -0.00099    -0.00699    -0.00541    -2.71218
   -14.84339    -2.53648    -0.04698    -0.06667    -0.03400    -0.00448    -0.01017    -0.00100    -0.00699    -0.00542    -2.71219
   -14.71839    -2.53652    -0.04698    -0.06668    -0.03402    -0.00449    -0.01017    -0.00100    -0.00700    -0.00543    -2.71229
   -14.59339    -2.53663    -0.04701    -0.06668    -0.03409    -0.00453    -0.01017    -0.00103    -0.00700    -0.00549    -2.71263
   -14.46939    -2.53686    -0.04705    -0.06669    -0.03421    -0.00462    -0.01017    -0.00109    -0.00700    -0.00559    -2.71330
   -14.34439    -2.53713    -0.04710    -0.06670    -0.03437    -0.00474    -0.01018    -0.00116    -0.00701    -0.00570    -2.71410
   -14.21939    -2.53731    -0.04714    -0.06671    -0.03448    -0.00484    -0.01019    -0.00120    -0.00701    -0.00578    -2.71466
   -14.09539    -2.53738    -0.04716    -0.06671    -0.03452    -0.00488    -0.01019    -0.00122    -0.00702    -0.00581    -2.71489
   -13.97039    -2.53740    -0.04717    -0.06671    -0.03453    -0.00489    -0.01019    -0.00123    -0.00702    -0.00581    -2.71494
   -13.84539    -2.53740    -0.04717    -0.06671    -0.03453    -0.00489    -0.01019    -0.00123    -0.00702    -0.00581    -2.71495
   -13.72039    -2.53740    -0.04717    -0.06671    -0.03453    -0.00489    -0.01019    -0.00123    -0.00702    -0.00581    -2.71495
   -13.59639    -2.53740    -0.04717    -0.06671    -0.03453    -0.00489    -0.01019    -0.00123    -0.00702    -0.00581    -2.71495
   -13.47139    -2.53740    -0.04717    -0.06671    -0.03453    -0.00489    -0.01019    -0.00123    -0.00702    -0.00581    -2.71495
   -13.34639    -2.53740    -0.04717    -0.06671    -0.03453    -0.00489    -0.01019    -0.00123    -0.00702    -0.00581    -2.71495
   -13.22239    -2.53740    -0.04717    -0.06671    -0.03453    -0.00489    -0.01019    -0.00123    -0.00702    -0.00581    -2.71495
   -13.09739    -2.53740    -0.04717    -0.06671    -0.03453    -0.00489    -0.01019    -0.00123    -0.00702    -0.00581    -2.71495
   -12.97239    -2.53740    -0.04717    -0.06671    -0.03453    -0.00489    -0.01019    -0.00123    -0.00702    -0.00581    -2.71495
   -12.84839    -2.53740    -0.04717    -0.06671    -0.03453    -0.00489    -0.01019    -0.00123    -0.00702    -0.00581    -2.71495
   -12.72339    -2.53740    -0.04717    -0.06671    -0.03453    -0.00489    -0.01019    -0.00123    -0.00702    -0.00581    -2.71495
   -12.59839    -2.53740    -0.04717    -0.06671    -0.03453    -0.00489    -0.01019    -0.00123    -0.00702    -0.00581    -2.71495
   -12.47439    -2.53740    -0.04717    -0.06671    -0.03453    -0.00489    -0.01019    -0.00123    -0.00702    -0.00581    -2.71495
   -12.34939    -2.53740    -0.04717    -0.06671    -0.03453    -0.00489    -0.01019    -0.00123    -0.00702    -0.00581    -2.71495
   -12.22439    -2.53740    -0.04717    -0.06671    -0.03453    -0.00489    -0.01019    -0.00123    -0.00702    -0.00581    -2.71495
   -12.10039    -2.53740    -0.04717    -0.06671    -0.03453    -0.00489    -0.01019    -0.00123    -0.00702    -0.00581    -2.71495
   -11.97539    -2.53740    -0.04717    -0.06671    -0.03453    -0.00489    -0.01019    -0.00123    -0.00702    -0.00581    -2.71495
   -11.85039    -2.53740    -0.04717    -0.06671    -0.03453    -0.00489    -0.01019    -0.00123    -0.00702    -0.00581    -2.71495
   -11.72539    -2.53740    -0.04717    -0.06671    -0.03453    -0.00489    -0.01019    -0.00123    -0.00702    -0.00581    -2.71495
   -11.60139    -2.53740    -0.04717    -0.06671    -0.03453    -0.00489    -0.01019    -0.00123    -0.00702    -0.00581    -2.71495
   -11.47639    -2.53740    -0.04717    -0.06671    -0.03453    -0.00489    -0.01019    -0.00123    -0.00702    -0.00581    -2.71495
   -11.35139    -2.53740    -0.04717    -0.06671    -0.03453    -0.00489    -0.01019    -0.00123    -0.00702    -0.00581    -2.71495
   -11.22739    -2.53740    -0.04717    -0.06671    -0.03453    -0.00489    -0.01019    -0.00123    -0.00702    -0.00581    -2.71495
   -11.10239    -2.53740    -0.04717    -0.06671    -0.03453    -0.00489    -0.01019    -0.00123    -0.00702    -0.00581    -2.71495
   -10.97739    -2.53740    -0.04717    -0.06671    -0.03453    -0.00489    -0.01019    -0.00123    -0.00702    -0.00581    -2.71495
   -10.85339    -2.53740    -0.04717    -0.06671    -0.03453    -0.00489    -0.01019    -0.00123    -0.00702    -0.00581    -2.71495
   -10.72839    -2.53740    -0.04717    -0.06671    -0.03453    -0.00489    -0.01019    -0.00123    -0.00702    -0.00581    -2.71495
   -10.60339    -2.53740    -0.04717    -0.06671    -0.03453    -0.00489    -0.01019    -0.00123    -0.00702    -0.00581    -2.71495
   -10.47939    -2.53740    -0.04717    -0.06671    -0.03453    -0.00489    -0.01019    -0.00123    -0.00702    -0.00581    -2.71495
   -10.35439    -2.53740    -0.04717    -0.06671    -0.03453    -0.00489    -0.01019    -0.00123    -0.00702    -0.00581    -2.71495
   -10.22939    -2.53740    -0.04717    -0.06671    -0.03453    -0.00489    -0.01019    -0.00123    -0.00702    -0.00581    -2.71495
   -10.10539    -2.53740    -0.04717    -0.06671    -0.03453    -0.00489    -0.01019    -0.00123    -0.00702    -0.00581    -2.71495
    -9.98039    -2.53740    -0.04717    -0.06671    -0.03453    -0.00489    -0.01019    -0.00123    -0.00702    -0.00581    -2.71495
    -9.85539    -2.53740    -0.04717    -0.06671    -0.03453    -0.00489    -0.01019    -0.00123    -0.00702    -0.00581    -2.71495
    -9.73039    -2.53740    -0.04717    -0.06671    -0.03453    -0.00489    -0.01019    -0.00123    -0.00702    -0.00581    -2.71495
    -9.60639    -2.53740    -0.04717    -0.06671    -0.03453    -0.00489    -0.01019    -0.00123    -0.00702    -0.00581    -2.71495
    -9.48139    -2.53740    -0.04717    -0.06671    -0.03453    -0.00489    -0.01019    -0.00123    -0.00702    -0.00581    -2.71495
    -9.35639    -2.53740    -0.04717    -0.06671    -0.03453    -0.00489    -0.01019    -0.00123    -0.00702    -0.00581    -2.71495
    -9.23239    -2.53740    -0.04717    -0.06671    -0.03453    -0.00489    -0.01019    -0.00123    -0.00702    -0.00581    -2.71495
    -9.10739    -2.53740    -0.04717    -0.06671    -0.03453    -0.00489    -0.01019    -0.00123    -0.00702    -0.00581    -2.71495
    -8.98239    -2.53740    -0.04717    -0.06671    -0.03453    -0.00489    -0.01019    -0.00123    -0.00702    -0.00581    -2.71495
    -8.85839    -2.53740    -0.04717    -0.06671    -0.03453    -0.00489    -0.01019    -0.00123    -0.00702    -0.00581    -2.71495
    -8.73339    -2.53740    -0.04717    -0.06671    -0.03453    -0.00489    -0.01019    -0.00123    -0.00702    -0.00581    -2.71495
    -8.60839    -2.53740    -0.04717    -0.06671    -0.03453    -0.00489    -0.01019    -0.00123    -0.00702    -0.00581    -2.71495
    -8.48439    -2.53740    -0.04717    -0.06671    -0.03453    -0.00489    -0.01019    -0.00123    -0.00702    -0.00581    -2.71495
    -8.35939    -2.53745    -0.04720    -0.06674    -0.03455    -0.00489    -0.01020    -0.00123    -0.00702    -0.00582    -2.71510
    -8.23439    -2.53791    -0.04748    -0.06700    -0.03475    -0.00490    -0.01025    -0.00124    -0.00705    -0.00584    -2.71641
    -8.10939    -2.54004    -0.04879    -0.06818    -0.03565    -0.00495    -0.01048    -0.00127    -0.00717    -0.00596    -2.72248
    -7.98539    -2.54524    -0.05201    -0.07109    -0.03784    -0.00507    -0.01105    -0.00136    -0.00747    -0.00625    -2.73737
    -7.86039    -2.55247    -0.05670    -0.07540    -0.04084    -0.00529    -0.01180    -0.00155    -0.00787    -0.00665    -2.75856
    -7.73539    -2.55988    -0.06252    -0.08108    -0.04366    -0.00564    -0.01236    -0.00199    -0.00819    -0.00703    -2.78233
    -7.61139    -2.57008    -0.07273    -0.09189    -0.04699    -0.00618    -0.01265    -0.00302    -0.00839    -0.00745    -2.81939
    -7.48639    -2.58883    -0.09237    -0.11365    -0.05287    -0.00695    -0.01290    -0.00496    -0.00858    -0.00821    -2.88933
    -7.36139    -2.61831    -0.12230    -0.14768    -0.06263    -0.00800    -0.01328    -0.00774    -0.00885    -0.00948    -2.99826
    -7.23739    -2.65479    -0.15776    -0.18866    -0.07597    -0.00944    -0.01378    -0.01080    -0.00920    -0.01120    -3.13162
    -7.11239    -2.69229    -0.19238    -0.22991    -0.09097    -0.01135    -0.01431    -0.01357    -0.00962    -0.01314    -3.26754
    -6.98739    -2.72590    -0.22175    -0.26708    -0.10485    -0.01345    -0.01479    -0.01578    -0.01004    -0.01506    -3.38869
    -6.86339    -2.75395    -0.24422    -0.29921    -0.11654    -0.01548    -0.01540    -0.01766    -0.01047    -0.01681    -3.48973
    -6.73839    -2.78108    -0.26238    -0.33158    -0.12904    -0.01819    -0.01667    -0.01979    -0.01128    -0.01853    -3.58854
    -6.61339    -2.81317    -0.28161    -0.36747    -0.14777    -0.02306    -0.01937    -0.02254    -0.01327    -0.02054    -3.70880
    -6.48939    -2.85073    -0.30684    -0.40059    -0.17717    -0.03037    -0.02412    -0.02544    -0.01722    -0.02291    -3.85539
    -6.36439    -2.89083    -0.34008    -0.42649    -0.21752    -0.03885    -0.03075    -0.02790    -0.02279    -0.02557    -4.02077
    -6.23939    -2.92984    -0.37824    -0.44765    -0.26415    -0.04835    -0.03871    -0.02999    -0.02884    -0.02835    -4.19413
    -6.11439    -2.96791    -0.41902    -0.46638    -0.31536    -0.06060    -0.04865    -0.03224    -0.03527    -0.03133    -4.37676
    -5.99039    -3.00680    -0.46245    -0.48400    -0.37150    -0.07481    -0.06076    -0.03493    -0.04236    -0.03477    -4.57239
    -5.86539    -3.04292    -0.50422    -0.50305    -0.42572    -0.08661    -0.07244    -0.03785    -0.04903    -0.03866    -4.76052
    -5.74039    -3.07159    -0.53875    -0.52496    -0.46877    -0.09382    -0.08165    -0.04046    -0.05463    -0.04308    -4.91770
    -5.61639    -3.09280    -0.56557    -0.54865    -0.49867    -0.09822    -0.09013    -0.04240    -0.06090    -0.04927    -5.04660
    -5.49139    -3.11100    -0.58955    -0.57503    -0.52223    -0.10229    -0.10123    -0.04394    -0.07045    -0.05953    -5.17526
    -5.36639    -3.12999    -0.61563    -0.60560    -0.54642    -0.10699    -0.11581    -0.04550    -0.08336    -0.07435    -5.32365
    -5.24239    -3.14814    -0.64502    -0.63539    -0.57226    -0.11170    -0.13271    -0.04718    -0.09775    -0.09118    -5.48133
    -5.11739    -3.16259    -0.67759    -0.65858    -0.59932    -0.11576    -0.15121    -0.04899    -0.11267    -0.10799    -5.63470
    -4.99239    -3.17354    -0.71043    -0.67587    -0.62614    -0.11906    -0.16879    -0.05104    -0.12677    -0.12370    -5.77533
    -4.86839    -3.18226    -0.73713    -0.69051    -0.64834    -0.12160    -0.18186    -0.05367    -0.13790    -0.13634    -5.88961
    -4.74339    -3.19033    -0.75700    -0.70589    -0.66527    -0.12369    -0.19214    -0.05737    -0.14661    -0.14572    -5.98403
    -4.61839    -3.19905    -0.77709    -0.72410    -0.68172    -0.12578    -0.20667    -0.06164    -0.15550    -0.15408    -6.08564
    -4.49439    -3.20771    -0.80146    -0.74335    -0.70072    -0.12821    -0.22793    -0.06524    -0.16531    -0.16241    -6.20234
    -4.36939    -3.21508    -0.82886    -0.76220    -0.72391    -0.13193    -0.25029    -0.06806    -0.17511    -0.16989    -6.32533
    -4.24439    -3.22139    -0.85972    -0.78229    -0.75498    -0.13804    -0.26872    -0.07108    -0.18494    -0.17622    -6.45739
    -4.11939    -3.22774    -0.89571    -0.80342    -0.79423    -0.14690    -0.28361    -0.07507    -0.19553    -0.18280    -6.60500
    -3.99539    -3.23493    -0.93550    -0.82385    -0.83815    -0.16018    -0.29724    -0.08128    -0.20706    -0.19208    -6.77026
    -3.87039    -3.24343    -0.97667    -0.84803    -0.88621    -0.18272    -0.31106    -0.09453    -0.22009    -0.20602    -6.96876
    -3.74539    -3.25342    -1.01882    -0.88629    -0.93895    -0.21900    -0.32583    -0.12500    -0.23527    -0.22596    -7.22855
    -3.62139    -3.26408    -1.06307    -0.94362    -0.99300    -0.26644    -0.34185    -0.18069    -0.25221    -0.25208    -7.55705
    -3.49639    -3.27378    -1.11104    -1.01109    -1.04460    -0.31408    -0.35810    -0.25147    -0.27061    -0.28161    -7.91636
    -3.37139    -3.28144    -1.16338    -1.07120    -1.09415    -0.35160    -0.37253    -0.31225    -0.29185    -0.30964    -8.24804
    -3.24739    -3.28742    -1.21601    -1.11324    -1.14275    -0.37858    -0.38490    -0.34985    -0.31899    -0.33360    -8.52535
    -3.12239    -3.29310    -1.26206    -1.14025    -1.18779    -0.40464    -0.39891    -0.37299    -0.36251    -0.35717    -8.77942
    -2.99739    -3.29947    -1.29794    -1.16048    -1.22484    -0.44728    -0.42176    -0.39875    -0.44697    -0.39218    -9.08967
    -2.87339    -3.30621    -1.32472    -1.17763    -1.25198    -0.52770    -0.46306    -0.44549    -0.59085    -0.45631    -9.54395
    -2.74839    -3.31270    -1.34570    -1.19264    -1.27199    -0.64905    -0.53766    -0.53558    -0.76598    -0.56506   -10.17637
    -2.62339    -3.31941    -1.36364    -1.21010    -1.29099    -0.79204    -0.66713    -0.69252    -0.92017    -0.72570   -10.98170
    -2.49939    -3.32738    -1.38055    -1.23692    -1.31438    -0.95243    -0.85913    -0.92369    -1.04941    -0.93219   -11.97609
    -2.37439    -3.33620    -1.39736    -1.27365    -1.34307    -1.12697    -1.07332    -1.18800    -1.17759    -1.14725   -13.06341
    -2.24939    -3.34373    -1.41287    -1.31186    -1.37475    -1.27188    -1.24293    -1.40153    -1.29134    -1.31301   -13.96390
    -2.12439    -3.34892    -1.42677    -1.34334    -1.40768    -1.35507    -1.34260    -1.51879    -1.36719    -1.40865   -14.51901
    -2.00039    -3.35305    -1.44429    -1.36669    -1.44075    -1.40060    -1.39515    -1.56682    -1.41117    -1.45913   -14.83766
    -1.87539    -3.35877    -1.47479    -1.38706    -1.47576    -1.44264    -1.42974    -1.58853    -1.44229    -1.49324   -15.09281
    -1.75039    -3.36869    -1.52233    -1.41471    -1.51761    -1.48856    -1.46583    -1.60955    -1.47533    -1.52719   -15.38980
    -1.62639    -3.38283    -1.57798    -1.45606    -1.56545    -1.53118    -1.50920    -1.64145    -1.51455    -1.56446   -15.74316
    -1.50139    -3.39850    -1.62841    -1.50531    -1.61180    -1.56656    -1.55172    -1.68182    -1.55490    -1.60044   -16.09947
    -1.37639    -3.41383    -1.66990    -1.55354    -1.65187    -1.59607    -1.58438    -1.72141    -1.59183    -1.63388   -16.41671
    -1.25239    -3.42883    -1.70572    -1.60065    -1.68574    -1.62217    -1.60718    -1.75528    -1.62384    -1.66650   -16.69591
    -1.12739    -3.44426    -1.73633    -1.65084    -1.71470    -1.64661    -1.62512    -1.78201    -1.64979    -1.69616   -16.94580
    -1.00239    -3.46298    -1.76114    -1.70542    -1.74119    -1.67397    -1.64189    -1.80120    -1.67166    -1.72177   -17.18123
    -0.87839    -3.48970    -1.78206    -1.76123    -1.76841    -1.71154    -1.65975    -1.81518    -1.69775    -1.74707   -17.43269
    -0.75339    -3.52406    -1.79989    -1.80963    -1.79633    -1.75769    -1.67845    -1.82634    -1.73418    -1.77293   -17.69950
    -0.62839    -3.55592    -1.81279    -1.84177    -1.81964    -1.79788    -1.69388    -1.83444    -1.77203    -1.79419   -17.92254
    -0.50339    -3.57513    -1.81988    -1.85690    -1.83354    -1.82080    -1.70254    -1.83914    -1.79696    -1.80682   -18.05171
    -0.37939    -3.58291    -1.82330    -1.86217    -1.84001    -1.82992    -1.70575    -1.84212    -1.80810    -1.81318   -18.10747
    -0.25439    -3.58605    -1.82568    -1.86482    -1.84391    -1.83396    -1.70723    -1.84524    -1.81329    -1.81753   -18.13771
    -0.12939    -3.58819    -1.82837    -1.86890    -1.84740    -1.83725    -1.71141    -1.84920    -1.81703    -1.82126   -18.16901
    -0.00539    -3.59068    -1.83326    -1.87843    -1.85086    -1.84116    -1.72649    -1.85522    -1.82116    -1.82490   -18.22216
     0.11961    -3.59455    -1.84278    -1.89630    -1.85520    -1.84673    -1.75945    -1.86466    -1.82729    -1.83029   -18.31724
     0.24461    -3.59943    -1.85604    -1.91773    -1.86143    -1.85424    -1.80145    -1.87524    -1.83508    -1.83905   -18.43969
     0.36861    -3.60372    -1.86885    -1.93375    -1.86966    -1.86210    -1.83375    -1.88272    -1.84213    -1.84988   -18.54657
     0.49361    -3.60665    -1.87872    -1.94189    -1.87886    -1.86798    -1.84986    -1.88616    -1.84675    -1.85926   -18.61613
     0.61861    -3.60857    -1.88646    -1.94537    -1.88779    -1.87114    -1.85614    -1.88736    -1.84911    -1.86506   -18.65702
     0.74261    -3.60991    -1.89395    -1.94701    -1.89611    -1.87266    -1.85898    -1.88784    -1.85034    -1.86819   -18.68500
     0.86761    -3.61086    -1.90228    -1.94807    -1.90420    -1.87370    -1.86121    -1.88821    -1.85138    -1.87056   -18.71046
     0.99261    -3.61160    -1.91117    -1.94899    -1.91222    -1.87467    -1.86366    -1.88870    -1.85262    -1.87323   -18.73688
     1.11661    -3.61222    -1.91943    -1.94981    -1.91960    -1.87561    -1.86622    -1.88932    -1.85404    -1.87620   -18.76245
     1.24161    -3.61265    -1.92566    -1.95040    -1.92516    -1.87638    -1.86829    -1.88988    -1.85529    -1.87872   -18.78245
     1.36661    -3.61288    -1.92908    -1.95072    -1.92820    -1.87682    -1.86945    -1.89023    -1.85604    -1.88019   -18.79360
     1.49161    -3.61295    -1.93029    -1.95083    -1.92926    -1.87698    -1.86986    -1.89035    -1.85632    -1.88072   -18.79757
     1.61561    -3.61297    -1.93054    -1.95085    -1.92948    -1.87701    -1.86995    -1.89038    -1.85638    -1.88083   -18.79840
     1.74061    -3.61297    -1.93057    -1.95085    -1.92951    -1.87702    -1.86996    -1.89038    -1.85639    -1.88084   -18.79849
     1.86561    -3.61297    -1.93057    -1.95085    -1.92951    -1.87702    -1.86996    -1.89038    -1.85639    -1.88084   -18.79850
     1.98961    -3.61298    -1.93057    -1.95085    -1.92951    -1.87702    -1.86996    -1.89039    -1.85639    -1.88084   -18.79851
     2.11461    -3.61303    -1.93057    -1.95086    -1.92952    -1.87703    -1.86997    -1.89039    -1.85640    -1.88085   -18.79862
     2.23961    -3.61340    -1.93059    -1.95093    -1.92959    -1.87707    -1.87001    -1.89039    -1.85646    -1.88088   -18.79932
     2.36361    -3.61473    -1.93065    -1.95118    -1.92983    -1.87723    -1.87017    -1.89040    -1.85667    -1.88099   -18.80185
     2.48861    -3.61778    -1.93081    -1.95173    -1.93038    -1.87758    -1.87054    -1.89043    -1.85717    -1.88125   -18.80768
     2.61361    -3.62332    -1.93113    -1.95272    -1.93129    -1.87819    -1.87121    -1.89048    -1.85812    -1.88171   -18.81818
     2.73761    -3.63330    -1.93175    -1.95441    -1.93273    -1.87926    -1.87242    -1.89057    -1.85987    -1.88246   -18.83676
     2.86261    -3.65052    -1.93286    -1.95719    -1.93493    -1.88101    -1.87448    -1.89072    -1.86289    -1.88363   -18.86823
     2.98761    -3.67395    -1.93454    -1.96086    -1.93780    -1.88325    -1.87722    -1.89092    -1.86689    -1.88515   -18.91058
     3.11161    -3.69767    -1.93674    -1.96449    -1.94083    -1.88534    -1.87987    -1.89111    -1.87084    -1.88659   -18.95348
     3.23661    -3.71830    -1.93951    -1.96763    -1.94387    -1.88695    -1.88203    -1.89126    -1.87431    -1.88772   -18.99158
     3.36161    -3.73834    -1.94289    -1.97101    -1.94728    -1.88833    -1.88408    -1.89139    -1.87776    -1.88866   -19.02975
     3.48661    -3.75982    -1.94648    -1.97529    -1.95126    -1.88965    -1.88646    -1.89153    -1.88125    -1.88954   -19.07127
     3.61061    -3.78106    -1.94983    -1.98026    -1.95555    -1.89078    -1.88911    -1.89166    -1.88418    -1.89033   -19.11275
     3.73561    -3.79999    -1.95316    -1.98544    -1.95995    -1.89160    -1.89179    -1.89177    -1.88616    -1.89095   -19.15080
     3.86061    -3.81560    -1.95697    -1.99070    -1.96438    -1.89217    -1.89420    -1.89188    -1.88734    -1.89144   -19.18466
     3.98461    -3.82787    -1.96159    -1.99643    -1.96877    -1.89261    -1.89608    -1.89201    -1.88813    -1.89190   -19.21539
     4.10961    -3.83868    -1.96738    -2.00345    -1.97338    -1.89303    -1.89764    -1.89215    -1.88890    -1.89241   -19.24701
     4.23461    -3.85003    -1.97414    -2.01190    -1.97881    -1.89347    -1.89920    -1.89231    -1.88985    -1.89303   -19.28275
     4.35861    -3.86255    -1.98113    -2.02072    -1.98549    -1.89392    -1.90089    -1.89247    -1.89102    -1.89371   -19.32189
     4.48361    -3.87660    -1.98832    -2.02910    -1.99316    -1.89436    -1.90278    -1.89262    -1.89239    -1.89444   -19.36377
     4.60861    -3.89214    -1.99609    -2.03722    -2.00118    -1.89485    -1.90484    -1.89275    -1.89396    -1.89523   -19.40827
     4.73261    -3.90820    -2.00444    -2.04527    -2.00938    -1.89542    -1.90694    -1.89289    -1.89583    -1.89607   -19.45444
     4.85761    -3.92399    -2.01351    -2.05327    -2.01804    -1.89608    -1.90907    -1.89302    -1.89799    -1.89697   -19.50195
     4.98261    -3.93944    -2.02346    -2.06131    -2.02705    -1.89678    -1.91132    -1.89316    -1.90021    -1.89789   -19.55061
     5.10761    -3.95507    -2.03380    -2.06943    -2.03597    -1.89755    -1.91356    -1.89328    -1.90228    -1.89879   -19.59974
     5.23161    -3.97171    -2.04413    -2.07754    -2.04494    -1.89846    -1.91562    -1.89342    -1.90425    -1.89965   -19.64972
     5.35661    -3.98984    -2.05483    -2.08535    -2.05442    -1.89952    -1.91752    -1.89357    -1.90613    -1.90048   -19.70165
     5.48161    -4.00877    -2.06635    -2.09247    -2.06455    -1.90066    -1.91934    -1.89372    -1.90782    -1.90125   -19.75492
     5.60561    -4.02736    -2.07840    -2.09873    -2.07507    -1.90180    -1.92103    -1.89386    -1.90922    -1.90194   -19.80741
     5.73061    -4.04471    -2.09033    -2.10439    -2.08552    -1.90290    -1.92250    -1.89402    -1.91038    -1.90255   -19.85730
     5.85561    -4.06053    -2.10169    -2.11015    -2.09566    -1.90396    -1.92374    -1.89418    -1.91137    -1.90316   -19.90444
     5.97961    -4.07589    -2.11236    -2.11686    -2.10552    -1.90505    -1.92485    -1.89435    -1.91228    -1.90385   -19.95103
     6.10461    -4.09205    -2.12233    -2.12522    -2.11508    -1.90619    -1.92593    -1.89453    -1.91316    -1.90468   -19.99918
     6.22961    -4.10902    -2.13166    -2.13568    -2.12440    -1.90733    -1.92695    -1.89473    -1.91402    -1.90564   -20.04943
     6.35361    -4.12637    -2.14072    -2.14814    -2.13382    -1.90838    -1.92792    -1.89495    -1.91486    -1.90666   -20.10182
     6.47861    -4.14414    -2.15023    -2.16174    -2.14370    -1.90929    -1.92886    -1.89520    -1.91568    -1.90767   -20.15651
     6.60361    -4.16237    -2.16085    -2.17561    -2.15443    -1.91009    -1.92978    -1.89547    -1.91647    -1.90866   -20.21374
     6.72761    -4.18075    -2.17279    -2.18956    -2.16637    -1.91082    -1.93066    -1.89578    -1.91724    -1.90965   -20.27362
     6.85261    -4.19885    -2.18570    -2.20383    -2.17910    -1.91153    -1.93155    -1.89608    -1.91801    -1.91063   -20.33529
     6.97761    -4.21607    -2.19896    -2.21804    -2.19182    -1.91223    -1.93242    -1.89638    -1.91874    -1.91159   -20.39627
     7.10261    -4.23221    -2.21194    -2.23141    -2.20416    -1.91291    -1.93323    -1.89666    -1.91938    -1.91249   -20.45440
     7.22661    -4.24806    -2.22433    -2.24395    -2.21629    -1.91361    -1.93394    -1.89693    -1.91995    -1.91327   -20.51033
     7.35161    -4.26416    -2.23641    -2.25650    -2.22825    -1.91434    -1.93459    -1.89721    -1.92047    -1.91394   -20.56587
     7.47661    -4.28000    -2.24880    -2.26936    -2.23998    -1.91506    -1.93522    -1.89753    -1.92095    -1.91455   -20.62144
     7.60061    -4.29522    -2.26177    -2.28199    -2.25180    -1.91571    -1.93581    -1.89786    -1.92137    -1.91517   -20.67670
     7.72561    -4.31043    -2.27501    -2.29396    -2.26434    -1.91633    -1.93634    -1.89819    -1.92178    -1.91582   -20.73219
     7.85061    -4.32640    -2.28823    -2.30543    -2.27778    -1.91699    -1.93686    -1.89854    -1.92225    -1.91647   -20.78896
     7.97461    -4.34279    -2.30128    -2.31671    -2.29134    -1.91768    -1.93738    -1.89889    -1.92281    -1.91711   -20.84600
     8.09961    -4.35840    -2.31383    -2.32789    -2.30404    -1.91834    -1.93791    -1.89926    -1.92342    -1.91769   -20.90079
     8.22461    -4.37242    -2.32546    -2.33888    -2.31561    -1.91894    -1.93843    -1.89964    -1.92406    -1.91821   -20.95165
     8.34861    -4.38434    -2.33552    -2.34895    -2.32575    -1.91946    -1.93890    -1.90000    -1.92467    -1.91867   -20.99627
     8.47361    -4.39318    -2.34303    -2.35667    -2.33346    -1.91984    -1.93926    -1.90029    -1.92517    -1.91903   -21.02994
     8.59861    -4.39819    -2.34734    -2.36110    -2.33798    -1.92005    -1.93949    -1.90047    -1.92548    -1.91925   -21.04935
     8.72261    -4.40010    -2.34904    -2.36281    -2.33982    -1.92014    -1.93958    -1.90054    -1.92561    -1.91934   -21.05698
     8.84761    -4.40054    -2.34945    -2.36322    -2.34029    -1.92016    -1.93961    -1.90055    -1.92565    -1.91936   -21.05883
     8.97261    -4.40060    -2.34951    -2.36328    -2.34036    -1.92017    -1.93961    -1.90056    -1.92565    -1.91936   -21.05909
     9.09761    -4.40060    -2.34951    -2.36328    -2.34036    -1.92017    -1.93961    -1.90056    -1.92565    -1.91936   -21.05911
     9.22161    -4.40060    -2.34951    -2.36328    -2.34036    -1.92017    -1.93961    -1.90056    -1.92565    -1.91936   -21.05911
     9.34661    -4.40060    -2.34951    -2.36328    -2.34036    -1.92017    -1.93961    -1.90056    -1.92565    -1.91936   -21.05911
     9.47161    -4.40060    -2.34951    -2.36328    -2.34036    -1.92017    -1.93961    -1.90056    -1.92565    -1.91936   -21.05911
     9.59561    -4.40060    -2.34951    -2.36328    -2.34036    -1.92017    -1.93961    -1.90056    -1.92565    -1.91936   -21.05911
     9.72061    -4.40060    -2.34951    -2.36328    -2.34036    -1.92017    -1.93961    -1.90056    -1.92565    -1.91936   -21.05911
     9.84561    -4.40060    -2.34951    -2.36328    -2.34036    -1.92017    -1.93961    -1.90056    -1.92565    -1.91936   -21.05911
     9.96961    -4.40060    -2.34951    -2.36328    -2.34036    -1.92017    -1.93961    -1.90056    -1.92565    -1.91936   -21.05911
    10.09461    -4.40060    -2.34951    -2.36328    -2.34036    -1.92017    -1.93961    -1.90056    -1.92565    -1.91936   -21.05911
    10.21961    -4.40060    -2.34951    -2.36328    -2.34036    -1.92017    -1.93961    -1.90056    -1.92565    -1.91936   -21.05911
    10.34361    -4.40060    -2.34951    -2.36328    -2.34036    -1.92017    -1.93961    -1.90056    -1.92565    -1.91936   -21.05911
    10.46861    -4.40060    -2.34951    -2.36328    -2.34036    -1.92017    -1.93961    -1.90056    -1.92565    -1.91936   -21.05911
