     #Energy           s          py          pz          px         dxy         dyz         dz2         dxz         dx2       tot  
   -26.93739     0.00000     0.00000     0.00000     0.00000     0.00000     0.00000     0.00000     0.00000     0.00000     0.00000
   -26.81339     0.00000     0.00000     0.00000     0.00000     0.00000     0.00000     0.00000         NaN     0.00000         NaN
   -26.68839     0.00000     0.00000     0.00000     0.00000     0.00000     0.00000     0.00000     0.00000     0.00000     0.00000
   -26.56339     0.00000     0.00000     0.00000     0.00000     0.00000     0.00000     0.00000     0.00000     0.00000     0.00000
   -26.43939     0.00000     0.00000     0.00000     0.00000     0.00000     0.00000     0.00000     0.00000     0.00000     0.00000
   -26.31439     0.00000     0.00000     0.00000     0.00000     0.00000     0.00000     0.00000     0.00000     0.00000     0.00000
   -26.18939     0.00000     0.00000     0.00000     0.00000     0.00000     0.00000     0.00000     0.00000     0.00000     0.00000
   -26.06539     0.00000     0.00000     0.00000     0.00000     0.00000     0.00000     0.00000     0.00000     0.00000     0.00000
   -25.94039     0.00000     0.00000     0.00000     0.00000     0.00000     0.00000     0.00000     0.00000     0.00000     0.00000
   -25.81539     0.00000     0.00000     0.00000     0.00000     0.00000     0.00000     0.00000     0.00000     0.00000     0.00000
   -25.69139     0.00000     0.00000     0.00000     0.00000     0.00000     0.00000     0.00000     0.00000     0.00000     0.00000
   -25.56639     0.00000     0.00000     0.00000     0.00000     0.00000     0.00000     0.00000     0.00000     0.00000     0.00000
   -25.44139    -0.00000    -0.00000    -0.00000    -0.00000    -0.00000    -0.00000    -0.00000    -0.00000    -0.00000    -0.00000
   -25.31739    -0.00000    -0.00000    -0.00000    -0.00000    -0.00000    -0.00000    -0.00000    -0.00000    -0.00000    -0.00000
   -25.19239    -0.00000    -0.00000    -0.00000    -0.00000    -0.00000    -0.00000    -0.00000    -0.00000    -0.00000    -0.00000
   -25.06739    -0.00000    -0.00000    -0.00000    -0.00000    -0.00000    -0.00000    -0.00000    -0.00000    -0.00000    -0.00000
   -24.94239    -0.00000    -0.00000    -0.00000    -0.00000    -0.00000    -0.00000    -0.00000    -0.00000    -0.00000    -0.00000
   -24.81839    -0.00000    -0.00000    -0.00000    -0.00000    -0.00000    -0.00000    -0.00000    -0.00000    -0.00000    -0.00000
   -24.69339    -0.00000    -0.00000    -0.00000    -0.00000    -0.00000    -0.00000    -0.00000    -0.00000    -0.00000    -0.00001
   -24.56839    -0.00003    -0.00001    -0.00000    -0.00002    -0.00001    -0.00000    -0.00001    -0.00000    -0.00002    -0.00010
   -24.44439    -0.00011    -0.00004    -0.00000    -0.00008    -0.00003    -0.00000    -0.00003    -0.00000    -0.00006    -0.00035
   -24.31939    -0.00021    -0.00007    -0.00000    -0.00015    -0.00004    -0.00000    -0.00006    -0.00000    -0.00011    -0.00064
   -24.19439    -0.00027    -0.00006    -0.00001    -0.00016    -0.00003    -0.00001    -0.00006    -0.00000    -0.00012    -0.00071
   -24.07039    -0.00028    -0.00003    -0.00001    -0.00013    -0.00001    -0.00001    -0.00004    -0.00000    -0.00009    -0.00060
   -23.94539    -0.00033    -0.00002    -0.00000    -0.00008    -0.00000    -0.00000    -0.00002    -0.00000    -0.00005    -0.00050
   -23.82039    -0.00037    -0.00001    -0.00000    -0.00004    -0.00000    -0.00000    -0.00001    -0.00000    -0.00001    -0.00045
   -23.69639    -0.00027    -0.00001    -0.00000    -0.00002    -0.00000    -0.00000    -0.00000    -0.00000    -0.00000    -0.00030
   -23.57139    -0.00010    -0.00000    -0.00000    -0.00000    -0.00000    -0.00000    -0.00000    -0.00000    -0.00000    -0.00011
   -23.44639    -0.00002    -0.00000    -0.00000    -0.00000    -0.00000    -0.00000    -0.00000    -0.00000    -0.00000    -0.00002
   -23.32239    -0.00001    -0.00000    -0.00000    -0.00000    -0.00000    -0.00000    -0.00000    -0.00000    -0.00000    -0.00001
   -23.19739    -0.00008    -0.00000    -0.00001    -0.00000    -0.00000    -0.00000    -0.00000    -0.00000    -0.00000    -0.00010
   -23.07239    -0.00066    -0.00003    -0.00008    -0.00000    -0.00000    -0.00002    -0.00003    -0.00000    -0.00000    -0.00083
   -22.94739    -0.00277    -0.00011    -0.00034    -0.00002    -0.00000    -0.00010    -0.00015    -0.00000    -0.00002    -0.00351
   -22.82339    -0.00561    -0.00023    -0.00068    -0.00004    -0.00001    -0.00020    -0.00030    -0.00000    -0.00004    -0.00710
   -22.69839    -0.00548    -0.00022    -0.00067    -0.00004    -0.00001    -0.00020    -0.00029    -0.00000    -0.00003    -0.00693
   -22.57339    -0.00258    -0.00010    -0.00031    -0.00002    -0.00000    -0.00009    -0.00014    -0.00000    -0.00002    -0.00326
   -22.44939    -0.00058    -0.00002    -0.00007    -0.00000    -0.00000    -0.00002    -0.00003    -0.00000    -0.00000    -0.00074
   -22.32439    -0.00006    -0.00000    -0.00001    -0.00000    -0.00000    -0.00000    -0.00000    -0.00000    -0.00000    -0.00008
   -22.19939    -0.00000    -0.00000    -0.00000    -0.00000    -0.00000    -0.00000    -0.00000    -0.00000    -0.00000    -0.00000
   -22.07539    -0.00000    -0.00000    -0.00000    -0.00000    -0.00000    -0.00000    -0.00000    -0.00000    -0.00000    -0.00000
   -21.95039    -0.00000    -0.00000    -0.00000    -0.00000    -0.00000    -0.00000    -0.00000    -0.00000    -0.00000    -0.00000
   -21.82539    -0.00000    -0.00000    -0.00000    -0.00000    -0.00000    -0.00000    -0.00000    -0.00000    -0.00000    -0.00000
   -21.70139    -0.00000    -0.00000    -0.00000    -0.00000    -0.00000    -0.00000    -0.00000    -0.00000    -0.00000    -0.00000
   -21.57639    -0.00000    -0.00000    -0.00000    -0.00000    -0.00000    -0.00000    -0.00000    -0.00000    -0.00000    -0.00000
   -21.45139     0.00000     0.00000     0.00000     0.00000     0.00000     0.00000     0.00000     0.00000     0.00000     0.00000
   -21.32639     0.00000     0.00000     0.00000     0.00000     0.00000     0.00000     0.00000     0.00000     0.00000     0.00000
   -21.20239     0.00000     0.00000     0.00000     0.00000     0.00000     0.00000     0.00000     0.00000     0.00000     0.00000
   -21.07739     0.00000     0.00000     0.00000     0.00000     0.00000     0.00000     0.00000     0.00000     0.00000     0.00000
   -20.95239     0.00000     0.00000     0.00000     0.00000     0.00000     0.00000     0.00000     0.00000     0.00000     0.00000
   -20.82839    -0.00000    -0.00000    -0.00000    -0.00000    -0.00000    -0.00000    -0.00000    -0.00000    -0.00000    -0.00000
   -20.70339    -0.00000    -0.00000    -0.00000    -0.00000    -0.00000    -0.00000    -0.00000    -0.00000    -0.00000    -0.00000
   -20.57839    -0.00000    -0.00000    -0.00000    -0.00000    -0.00000    -0.00000    -0.00000    -0.00000    -0.00000    -0.00000
   -20.45439    -0.00000    -0.00000    -0.00000    -0.00000    -0.00000    -0.00000    -0.00000    -0.00000    -0.00000    -0.00000
   -20.32939    -0.00000    -0.00000    -0.00000    -0.00000    -0.00000    -0.00000    -0.00000    -0.00000    -0.00000    -0.00000
   -20.20439    -0.00000    -0.00000    -0.00000    -0.00000    -0.00000    -0.00000    -0.00000    -0.00000    -0.00000    -0.00001
   -20.08039    -0.00010    -0.00000    -0.00001    -0.00001    -0.00001    -0.00001    -0.00000    -0.00002    -0.00001    -0.00017
   -19.95539    -0.00133    -0.00006    -0.00015    -0.00018    -0.00011    -0.00007    -0.00000    -0.00030    -0.00007    -0.00227
   -19.83039    -0.01209    -0.00040    -0.00106    -0.00109    -0.00070    -0.00047    -0.00000    -0.00184    -0.00047    -0.01812
   -19.70639    -0.09092    -0.00196    -0.00524    -0.00331    -0.00215    -0.00166    -0.00000    -0.00559    -0.00146    -0.11230
   -19.58139    -0.48122    -0.00780    -0.02075    -0.00510    -0.00348    -0.00403    -0.00002    -0.00847    -0.00255    -0.53342
   -19.45639    -1.42159    -0.02085    -0.05477    -0.00463    -0.00349    -0.00770    -0.00006    -0.00685    -0.00309    -1.52302
   -19.33139    -2.28492    -0.03292    -0.08154    -0.00541    -0.00272    -0.00978    -0.00010    -0.00358    -0.00308    -2.42405
   -19.20739    -2.51176    -0.03703    -0.07487    -0.01284    -0.00178    -0.00707    -0.00015    -0.00179    -0.00261    -2.64989
   -19.08239    -2.55016    -0.03889    -0.05907    -0.02248    -0.00110    -0.00324    -0.00020    -0.00122    -0.00221    -2.67856
   -18.95739    -1.98440    -0.03095    -0.04077    -0.02091    -0.00077    -0.00149    -0.00017    -0.00098    -0.00170    -2.08212
   -18.83339    -1.07640    -0.01871    -0.02180    -0.01463    -0.00100    -0.00179    -0.00014    -0.00136    -0.00153    -1.13735
   -18.70839    -1.18714    -0.02635    -0.02518    -0.02497    -0.00278    -0.00523    -0.00031    -0.00372    -0.00341    -1.27910
   -18.58339    -2.23132    -0.05176    -0.04742    -0.05087    -0.00550    -0.01048    -0.00065    -0.00717    -0.00681    -2.41199
   -18.45939    -2.51078    -0.05831    -0.05249    -0.05825    -0.00583    -0.01107    -0.00076    -0.00747    -0.00742    -2.71239
   -18.33439    -1.43259    -0.03326    -0.02941    -0.03374    -0.00317    -0.00593    -0.00044    -0.00402    -0.00413    -1.54670
   -18.20939    -0.40365    -0.00938    -0.00815    -0.00963    -0.00086    -0.00158    -0.00013    -0.00109    -0.00114    -0.43562
   -18.08539    -0.05545    -0.00129    -0.00110    -0.00134    -0.00012    -0.00021    -0.00002    -0.00015    -0.00016    -0.05982
   -17.96039    -0.00367    -0.00009    -0.00007    -0.00009    -0.00001    -0.00001    -0.00000    -0.00001    -0.00001    -0.00396
   -17.83539    -0.00012    -0.00000    -0.00000    -0.00000    -0.00000    -0.00000    -0.00000    -0.00000    -0.00000    -0.00013
   -17.71139    -0.00000    -0.00000    -0.00000    -0.00000    -0.00000    -0.00000    -0.00000    -0.00000    -0.00000    -0.00000
   -17.58639    -0.00000    -0.00000    -0.00000    -0.00000    -0.00000    -0.00000    -0.00000    -0.00000    -0.00000    -0.00000
   -17.46139    -0.00000    -0.00000    -0.00000    -0.00000    -0.00000    -0.00000    -0.00000    -0.00000    -0.00000    -0.00000
   -17.33639    -0.00000    -0.00000    -0.00000    -0.00000    -0.00000    -0.00000    -0.00000    -0.00000    -0.00000    -0.00000
   -17.21239     0.00000     0.00000     0.00000     0.00000     0.00000     0.00000     0.00000     0.00000     0.00000     0.00000
   -17.08739    -0.00000    -0.00000    -0.00000    -0.00000    -0.00000    -0.00000    -0.00000    -0.00000    -0.00000    -0.00000
   -16.96239    -0.00000    -0.00000    -0.00000    -0.00000    -0.00000    -0.00000    -0.00000    -0.00000    -0.00000    -0.00000
   -16.83839    -0.00000    -0.00000    -0.00000    -0.00000    -0.00000    -0.00000    -0.00000    -0.00000    -0.00000    -0.00000
   -16.71339    -0.00000    -0.00000    -0.00000    -0.00000    -0.00000    -0.00000    -0.00000    -0.00000    -0.00000    -0.00000
   -16.58839    -0.00000    -0.00000    -0.00000    -0.00000    -0.00000    -0.00000    -0.00000    -0.00000    -0.00000    -0.00000
   -16.46439    -0.00001    -0.00000    -0.00000    -0.00000    -0.00000    -0.00000    -0.00000    -0.00000    -0.00000    -0.00002
   -16.33939    -0.00023    -0.00002    -0.00002    -0.00001    -0.00000    -0.00003    -0.00001    -0.00000    -0.00000    -0.00032
   -16.21439    -0.00231    -0.00016    -0.00024    -0.00007    -0.00001    -0.00025    -0.00010    -0.00001    -0.00003    -0.00317
   -16.09039    -0.01086    -0.00075    -0.00113    -0.00032    -0.00003    -0.00118    -0.00048    -0.00006    -0.00013    -0.01494
   -15.96539    -0.02458    -0.00170    -0.00257    -0.00071    -0.00006    -0.00267    -0.00109    -0.00013    -0.00029    -0.03382
   -15.84039    -0.02684    -0.00186    -0.00280    -0.00078    -0.00006    -0.00292    -0.00119    -0.00015    -0.00032    -0.03693
   -15.71539    -0.01414    -0.00098    -0.00148    -0.00041    -0.00003    -0.00154    -0.00062    -0.00008    -0.00017    -0.01946
   -15.59139    -0.00359    -0.00025    -0.00037    -0.00010    -0.00001    -0.00039    -0.00016    -0.00002    -0.00004    -0.00494
   -15.46639    -0.00044    -0.00003    -0.00005    -0.00001    -0.00000    -0.00005    -0.00002    -0.00000    -0.00001    -0.00060
   -15.34139    -0.00003    -0.00000    -0.00000    -0.00000    -0.00000    -0.00000    -0.00000    -0.00000    -0.00000    -0.00003
   -15.21739    -0.00000    -0.00000    -0.00000    -0.00000    -0.00000    -0.00000    -0.00000    -0.00000    -0.00000    -0.00000
   -15.09239    -0.00000    -0.00000    -0.00000    -0.00000    -0.00000    -0.00000    -0.00000    -0.00000    -0.00000    -0.00000
   -14.96739    -0.00001    -0.00000    -0.00000    -0.00001    -0.00000    -0.00000    -0.00000    -0.00000    -0.00001    -0.00003
   -14.84339    -0.00009    -0.00002    -0.00000    -0.00005    -0.00002    -0.00000    -0.00002    -0.00000    -0.00005    -0.00026
   -14.71839    -0.00047    -0.00009    -0.00002    -0.00026    -0.00015    -0.00001    -0.00011    -0.00001    -0.00023    -0.00135
   -14.59339    -0.00139    -0.00025    -0.00006    -0.00077    -0.00050    -0.00003    -0.00033    -0.00003    -0.00064    -0.00401
   -14.46939    -0.00227    -0.00044    -0.00009    -0.00128    -0.00096    -0.00006    -0.00057    -0.00005    -0.00099    -0.00671
   -14.34439    -0.00199    -0.00043    -0.00008    -0.00117    -0.00098    -0.00006    -0.00052    -0.00004    -0.00083    -0.00611
   -14.21939    -0.00092    -0.00023    -0.00004    -0.00057    -0.00051    -0.00003    -0.00026    -0.00002    -0.00037    -0.00294
   -14.09539    -0.00022    -0.00006    -0.00001    -0.00014    -0.00013    -0.00001    -0.00006    -0.00000    -0.00009    -0.00073
   -13.97039    -0.00003    -0.00001    -0.00000    -0.00002    -0.00002    -0.00000    -0.00001    -0.00000    -0.00001    -0.00009
   -13.84539    -0.00000    -0.00000    -0.00000    -0.00000    -0.00000    -0.00000    -0.00000    -0.00000    -0.00000    -0.00001
   -13.72039    -0.00000    -0.00000    -0.00000    -0.00000    -0.00000    -0.00000    -0.00000    -0.00000    -0.00000    -0.00000
   -13.59639    -0.00000    -0.00000    -0.00000    -0.00000    -0.00000    -0.00000    -0.00000    -0.00000    -0.00000    -0.00000
   -13.47139    -0.00000    -0.00000    -0.00000    -0.00000    -0.00000    -0.00000    -0.00000    -0.00000    -0.00000    -0.00000
   -13.34639    -0.00000    -0.00000    -0.00000    -0.00000    -0.00000    -0.00000    -0.00000    -0.00000    -0.00000    -0.00000
   -13.22239    -0.00000    -0.00000    -0.00000    -0.00000    -0.00000    -0.00000    -0.00000    -0.00000    -0.00000    -0.00000
   -13.09739     0.00000     0.00000     0.00000     0.00000     0.00000     0.00000     0.00000     0.00000     0.00000     0.00000
   -12.97239     0.00000     0.00000     0.00000     0.00000     0.00000     0.00000     0.00000     0.00000     0.00000     0.00000
   -12.84839     0.00000     0.00000     0.00000     0.00000     0.00000     0.00000     0.00000     0.00000     0.00000     0.00000
   -12.72339     0.00000     0.00000     0.00000     0.00000     0.00000     0.00000     0.00000     0.00000     0.00000     0.00000
   -12.59839     0.00000     0.00000     0.00000     0.00000     0.00000     0.00000     0.00000     0.00000     0.00000     0.00000
   -12.47439     0.00000     0.00000     0.00000     0.00000     0.00000     0.00000     0.00000     0.00000     0.00000     0.00000
   -12.34939     0.00000     0.00000     0.00000     0.00000     0.00000     0.00000     0.00000     0.00000     0.00000     0.00000
   -12.22439     0.00000     0.00000     0.00000     0.00000     0.00000     0.00000     0.00000     0.00000     0.00000     0.00000
   -12.10039     0.00000     0.00000     0.00000     0.00000     0.00000     0.00000     0.00000     0.00000     0.00000     0.00000
   -11.97539     0.00000     0.00000     0.00000     0.00000     0.00000     0.00000     0.00000     0.00000     0.00000     0.00000
   -11.85039     0.00000     0.00000     0.00000     0.00000     0.00000     0.00000     0.00000     0.00000     0.00000     0.00000
   -11.72539     0.00000     0.00000     0.00000     0.00000     0.00000     0.00000     0.00000     0.00000     0.00000     0.00000
   -11.60139     0.00000     0.00000     0.00000     0.00000     0.00000     0.00000     0.00000     0.00000     0.00000     0.00000
   -11.47639     0.00000     0.00000     0.00000     0.00000     0.00000     0.00000     0.00000     0.00000     0.00000     0.00000
   -11.35139     0.00000     0.00000     0.00000     0.00000     0.00000     0.00000     0.00000     0.00000     0.00000     0.00000
   -11.22739     0.00000     0.00000     0.00000     0.00000     0.00000     0.00000     0.00000     0.00000     0.00000     0.00000
   -11.10239     0.00000     0.00000     0.00000     0.00000     0.00000     0.00000     0.00000     0.00000     0.00000     0.00000
   -10.97739     0.00000     0.00000     0.00000     0.00000     0.00000     0.00000     0.00000     0.00000     0.00000     0.00000
   -10.85339     0.00000     0.00000     0.00000     0.00000     0.00000     0.00000     0.00000     0.00000     0.00000     0.00000
   -10.72839     0.00000     0.00000     0.00000     0.00000     0.00000     0.00000     0.00000     0.00000     0.00000     0.00000
   -10.60339     0.00000     0.00000     0.00000     0.00000     0.00000     0.00000     0.00000     0.00000     0.00000     0.00000
   -10.47939     0.00000     0.00000     0.00000     0.00000     0.00000     0.00000     0.00000     0.00000     0.00000     0.00000
   -10.35439     0.00000     0.00000     0.00000     0.00000     0.00000     0.00000     0.00000     0.00000     0.00000     0.00000
   -10.22939     0.00000     0.00000     0.00000     0.00000     0.00000     0.00000     0.00000     0.00000     0.00000     0.00000
   -10.10539     0.00000     0.00000     0.00000     0.00000     0.00000     0.00000     0.00000     0.00000     0.00000     0.00000
    -9.98039     0.00000     0.00000     0.00000     0.00000     0.00000     0.00000     0.00000     0.00000     0.00000     0.00000
    -9.85539     0.00000     0.00000     0.00000     0.00000     0.00000     0.00000     0.00000     0.00000     0.00000     0.00000
    -9.73039     0.00000     0.00000     0.00000     0.00000     0.00000     0.00000     0.00000     0.00000     0.00000     0.00000
    -9.60639     0.00000     0.00000     0.00000     0.00000     0.00000     0.00000     0.00000     0.00000     0.00000     0.00000
    -9.48139     0.00000     0.00000     0.00000     0.00000     0.00000     0.00000     0.00000     0.00000     0.00000     0.00000
    -9.35639     0.00000     0.00000     0.00000     0.00000     0.00000     0.00000     0.00000     0.00000     0.00000     0.00000
    -9.23239     0.00000     0.00000     0.00000     0.00000     0.00000     0.00000     0.00000     0.00000     0.00000     0.00000
    -9.10739    -0.00000    -0.00000    -0.00000    -0.00000    -0.00000    -0.00000    -0.00000    -0.00000    -0.00000    -0.00000
    -8.98239    -0.00000    -0.00000    -0.00000    -0.00000    -0.00000    -0.00000    -0.00000    -0.00000    -0.00000    -0.00000
    -8.85839    -0.00000    -0.00000    -0.00000    -0.00000    -0.00000    -0.00000    -0.00000    -0.00000    -0.00000    -0.00000
    -8.73339    -0.00000    -0.00000    -0.00000    -0.00000    -0.00000    -0.00000    -0.00000    -0.00000    -0.00000    -0.00000
    -8.60839    -0.00000    -0.00000    -0.00000    -0.00000    -0.00000    -0.00000    -0.00000    -0.00000    -0.00000    -0.00000
    -8.48439    -0.00004    -0.00003    -0.00002    -0.00002    -0.00000    -0.00000    -0.00000    -0.00000    -0.00000    -0.00012
    -8.35939    -0.00076    -0.00047    -0.00042    -0.00032    -0.00002    -0.00008    -0.00001    -0.00004    -0.00004    -0.00218
    -8.23439    -0.00662    -0.00406    -0.00366    -0.00280    -0.00014    -0.00073    -0.00010    -0.00039    -0.00037    -0.01887
    -8.10939    -0.02753    -0.01692    -0.01527    -0.01164    -0.00060    -0.00305    -0.00043    -0.00160    -0.00154    -0.07858
    -7.98539    -0.05581    -0.03468    -0.03142    -0.02351    -0.00136    -0.00609    -0.00100    -0.00322    -0.00312    -0.16022
    -7.86039    -0.06020    -0.04055    -0.03770    -0.02459    -0.00216    -0.00594    -0.00200    -0.00321    -0.00329    -0.17964
    -7.73539    -0.05864    -0.05280    -0.05341    -0.02067    -0.00347    -0.00305    -0.00504    -0.00187    -0.00273    -0.20168
    -7.61139    -0.10501    -0.11110    -0.12004    -0.03273    -0.00525    -0.00163    -0.01155    -0.00132    -0.00412    -0.39276
    -7.48639    -0.19578    -0.20381    -0.22900    -0.06165    -0.00707    -0.00236    -0.01961    -0.00176    -0.00801    -0.72903
    -7.36139    -0.27699    -0.27634    -0.31682    -0.09484    -0.00968    -0.00370    -0.02488    -0.00252    -0.01241    -1.01819
    -7.23739    -0.30816    -0.29244    -0.34051    -0.11918    -0.01353    -0.00439    -0.02432    -0.00322    -0.01513    -1.12088
    -7.11239    -0.29338    -0.26283    -0.32118    -0.12136    -0.01706    -0.00401    -0.01998    -0.00349    -0.01598    -1.05927
    -6.98739    -0.24567    -0.20816    -0.27497    -0.10133    -0.01658    -0.00371    -0.01559    -0.00317    -0.01482    -0.88400
    -6.86339    -0.20431    -0.15229    -0.24038    -0.08612    -0.01598    -0.00614    -0.01454    -0.00375    -0.01317    -0.73667
    -6.73839    -0.23078    -0.13904    -0.27883    -0.11439    -0.02751    -0.01424    -0.01961    -0.00919    -0.01458    -0.84817
    -6.61339    -0.28406    -0.16946    -0.29689    -0.18602    -0.05059    -0.02895    -0.02446    -0.02285    -0.01763    -1.08091
    -6.48939    -0.31836    -0.23520    -0.23432    -0.28558    -0.06667    -0.04722    -0.02213    -0.04047    -0.02038    -1.27033
    -6.36439    -0.32474    -0.29790    -0.18113    -0.36167    -0.06943    -0.05921    -0.01724    -0.04881    -0.02220    -1.38233
    -6.23939    -0.30112    -0.31428    -0.15828    -0.38631    -0.08284    -0.06841    -0.01636    -0.04825    -0.02250    -1.39835
    -6.11439    -0.30949    -0.33977    -0.14212    -0.43506    -0.11367    -0.09106    -0.01975    -0.05491    -0.02531    -1.53113
    -5.99039    -0.31428    -0.35687    -0.14061    -0.46540    -0.11431    -0.10322    -0.02338    -0.05876    -0.02985    -1.60668
    -5.86539    -0.26506    -0.31312    -0.16492    -0.40430    -0.07497    -0.08415    -0.02347    -0.04833    -0.03257    -1.41089
    -5.74039    -0.19485    -0.24063    -0.18649    -0.28615    -0.04064    -0.06356    -0.01831    -0.04142    -0.03828    -1.11033
    -5.61639    -0.14539    -0.18967    -0.19345    -0.19341    -0.02994    -0.07247    -0.01276    -0.05912    -0.06093    -0.95714
    -5.49139    -0.14647    -0.19496    -0.22977    -0.18458    -0.03542    -0.10555    -0.01196    -0.09418    -0.10377    -1.10666
    -5.36639    -0.15812    -0.22329    -0.26057    -0.20348    -0.03993    -0.12825    -0.01307    -0.11291    -0.13387    -1.27348
    -5.24239    -0.13306    -0.24820    -0.21722    -0.21088    -0.03560    -0.14289    -0.01383    -0.11787    -0.13614    -1.25570
    -5.11739    -0.09870    -0.27420    -0.15472    -0.22322    -0.02957    -0.15375    -0.01524    -0.12149    -0.13349    -1.20438
    -4.99239    -0.07688    -0.25251    -0.12262    -0.20690    -0.02335    -0.12838    -0.01763    -0.10453    -0.11845    -1.05127
    -4.86839    -0.06303    -0.17588    -0.11217    -0.14922    -0.01734    -0.08120    -0.02464    -0.07407    -0.08428    -0.78183
    -4.74339    -0.06642    -0.14276    -0.13466    -0.12236    -0.01622    -0.08371    -0.03474    -0.06563    -0.06618    -0.73267
    -4.61839    -0.07344    -0.17941    -0.15741    -0.14153    -0.01729    -0.14932    -0.03376    -0.07694    -0.06794    -0.89706
    -4.49439    -0.06546    -0.21155    -0.15126    -0.16321    -0.02173    -0.19161    -0.02392    -0.08050    -0.06560    -0.97485
    -4.36939    -0.05264    -0.22789    -0.15121    -0.20875    -0.03792    -0.16715    -0.02124    -0.07659    -0.05450    -0.99789
    -4.24439    -0.04861    -0.26723    -0.17097    -0.28962    -0.06004    -0.12847    -0.02734    -0.08114    -0.04697    -1.12039
    -4.11939    -0.05327    -0.30996    -0.16792    -0.34000    -0.08203    -0.11027    -0.03658    -0.08864    -0.05856    -1.24724
    -3.99539    -0.06204    -0.32829    -0.15972    -0.36439    -0.13103    -0.10836    -0.06305    -0.09641    -0.09023    -1.40351
    -3.87039    -0.07428    -0.33212    -0.22814    -0.40655    -0.23051    -0.11332    -0.14952    -0.11247    -0.13347    -1.78038
    -3.74539    -0.08598    -0.34397    -0.38556    -0.43940    -0.35140    -0.12366    -0.33920    -0.13116    -0.18630    -2.38664
    -3.62139    -0.08508    -0.36567    -0.53410    -0.42757    -0.40950    -0.13335    -0.55400    -0.14053    -0.23272    -2.88253
    -3.49639    -0.07037    -0.40376    -0.54798    -0.40002    -0.35470    -0.12716    -0.58130    -0.15462    -0.24090    -2.88080
    -3.37139    -0.05265    -0.43583    -0.41620    -0.39472    -0.24710    -0.10441    -0.39360    -0.18606    -0.20876    -2.43933
    -3.24739    -0.04327    -0.40831    -0.25826    -0.38494    -0.18571    -0.09391    -0.20947    -0.24926    -0.17556    -2.00868
    -3.12239    -0.04770    -0.33045    -0.17492    -0.33741    -0.23219    -0.13092    -0.16172    -0.44873    -0.20252    -2.06656
    -2.99739    -0.05455    -0.24507    -0.14949    -0.25690    -0.45178    -0.23550    -0.25160    -0.90610    -0.35890    -2.90989
    -2.87339    -0.05352    -0.18447    -0.12566    -0.17849    -0.83821    -0.42700    -0.49800    -1.40167    -0.66979    -4.37680
    -2.74839    -0.05066    -0.15207    -0.11516    -0.14236    -1.10830    -0.76950    -0.94710    -1.40741    -1.07460    -5.76716
    -2.62339    -0.05691    -0.13570    -0.16489    -0.16237    -1.18520    -1.30730    -1.57010    -1.06570    -1.50200    -7.15018
    -2.49939    -0.07093    -0.13544    -0.26523    -0.21292    -1.38750    -1.77230    -2.13800    -1.00730    -1.81020    -8.79983
    -2.37439    -0.07048    -0.13429    -0.32394    -0.24714    -1.41210    -1.66340    -2.10150    -1.04870    -1.63920    -8.64075
    -2.24939    -0.05032    -0.11444    -0.28895    -0.26100    -0.91220    -1.05700    -1.32350    -0.77598    -1.01970    -5.80309
    -2.12439    -0.03303    -0.10843    -0.21589    -0.26727    -0.42220    -0.54180    -0.55730    -0.44067    -0.51430    -3.10089
    -2.00039    -0.03319    -0.17261    -0.15868    -0.26318    -0.30810    -0.30110    -0.21318    -0.26471    -0.29540    -2.01015
    -1.87539    -0.05852    -0.31667    -0.16814    -0.29834    -0.36610    -0.25370    -0.13495    -0.23440    -0.25170    -2.08252
    -1.75039    -0.10065    -0.44581    -0.27528    -0.37290    -0.37060    -0.32520    -0.20221    -0.29562    -0.29287    -2.68113
    -1.62639    -0.12613    -0.44685    -0.38806    -0.39460    -0.31300    -0.37040    -0.30950    -0.33340    -0.30489    -2.98684
    -1.50139    -0.12526    -0.36201    -0.40189    -0.34875    -0.25450    -0.31170    -0.33800    -0.31380    -0.27236    -2.72827
    -1.37639    -0.12060    -0.30360    -0.37168    -0.29396    -0.21880    -0.21217    -0.29700    -0.27860    -0.26390    -2.36031
    -1.25239    -0.12003    -0.27084    -0.38397    -0.24940    -0.19977    -0.15355    -0.24636    -0.23480    -0.25940    -2.11811
    -1.12739    -0.12738    -0.22016    -0.42101    -0.21511    -0.19227    -0.13406    -0.18238    -0.18149    -0.21626    -1.89012
    -1.00239    -0.17289    -0.17784    -0.45456    -0.20978    -0.24670    -0.13501    -0.12535    -0.16934    -0.19464    -1.88610
    -0.87839    -0.25566    -0.15767    -0.44052    -0.22677    -0.35580    -0.15153    -0.09896    -0.24911    -0.21120    -2.14722
    -0.75339    -0.29561    -0.12840    -0.33585    -0.22102    -0.38450    -0.14836    -0.08001    -0.33514    -0.20356    -2.13245
    -0.62839    -0.21533    -0.07850    -0.17966    -0.15300    -0.26009    -0.09907    -0.04991    -0.27211    -0.13743    -1.44511
    -0.50339    -0.09277    -0.03525    -0.06309    -0.06989    -0.10755    -0.03985    -0.02554    -0.12772    -0.06507    -0.62674
    -0.37939    -0.03212    -0.01961    -0.02145    -0.03382    -0.03882    -0.01163    -0.02218    -0.05093    -0.03708    -0.26764
    -0.25439    -0.01820    -0.01847    -0.02106    -0.02887    -0.02597    -0.01214    -0.02785    -0.03230    -0.03260    -0.21746
    -0.12939    -0.01606    -0.02467    -0.04441    -0.02698    -0.02684    -0.05495    -0.03566    -0.02777    -0.02730    -0.28465
    -0.00539    -0.02388    -0.05390    -0.10833    -0.02860    -0.03576    -0.18692    -0.06093    -0.03842    -0.03100    -0.56774
     0.11961    -0.03818    -0.09879    -0.17841    -0.04092    -0.05366    -0.34165    -0.09046    -0.05987    -0.05552    -0.95746
     0.24461    -0.04017    -0.11385    -0.16521    -0.05912    -0.06681    -0.33214    -0.07931    -0.06508    -0.08490    -1.00659
     0.36861    -0.02867    -0.09164    -0.09175    -0.07290    -0.05920    -0.18588    -0.04066    -0.04814    -0.08884    -0.70768
     0.49361    -0.01823    -0.06667    -0.03894    -0.07457    -0.03507    -0.07261    -0.01450    -0.02590    -0.06158    -0.40806
     0.61861    -0.01265    -0.05752    -0.01687    -0.06869    -0.01566    -0.02807    -0.00485    -0.01198    -0.03153    -0.24782
     0.74261    -0.00882    -0.06261    -0.00936    -0.06485    -0.00879    -0.01744    -0.00270    -0.00780    -0.01871    -0.20109
     0.86761    -0.00642    -0.07101    -0.00764    -0.06488    -0.00776    -0.01833    -0.00328    -0.00874    -0.01920    -0.20727
     0.99261    -0.00548    -0.07158    -0.00718    -0.06377    -0.00786    -0.02107    -0.00465    -0.01115    -0.02368    -0.21644
     1.11661    -0.00438    -0.06089    -0.00591    -0.05452    -0.00729    -0.01995    -0.00520    -0.01169    -0.02396    -0.19380
     1.24161    -0.00260    -0.03898    -0.00363    -0.03472    -0.00498    -0.01323    -0.00385    -0.00839    -0.01656    -0.12693
     1.36661    -0.00100    -0.01582    -0.00143    -0.01396    -0.00209    -0.00539    -0.00167    -0.00361    -0.00690    -0.05187
     1.49161    -0.00022    -0.00360    -0.00032    -0.00316    -0.00049    -0.00123    -0.00039    -0.00085    -0.00159    -0.01185
     1.61561    -0.00003    -0.00043    -0.00004    -0.00038    -0.00006    -0.00015    -0.00005    -0.00011    -0.00019    -0.00143
     1.74061    -0.00000    -0.00003    -0.00000    -0.00002    -0.00000    -0.00001    -0.00000    -0.00001    -0.00001    -0.00009
     1.86561    -0.00000    -0.00000    -0.00000    -0.00000    -0.00000    -0.00000    -0.00000    -0.00000    -0.00000    -0.00001
     1.98961    -0.00007    -0.00000    -0.00001    -0.00001    -0.00001    -0.00001    -0.00000    -0.00001    -0.00001    -0.00014
     2.11461    -0.00086    -0.00003    -0.00016    -0.00015    -0.00010    -0.00010    -0.00001    -0.00014    -0.00007    -0.00162
     2.23961    -0.00507    -0.00022    -0.00093    -0.00091    -0.00060    -0.00061    -0.00005    -0.00082    -0.00043    -0.00964
     2.36361    -0.01624    -0.00079    -0.00298    -0.00298    -0.00190    -0.00196    -0.00015    -0.00265    -0.00140    -0.03103
     2.48861    -0.03266    -0.00178    -0.00597    -0.00582    -0.00373    -0.00393    -0.00030    -0.00542    -0.00279    -0.06239
     2.61361    -0.05615    -0.00338    -0.00988    -0.00888    -0.00618    -0.00678    -0.00051    -0.00971    -0.00451    -0.10598
     2.73761    -0.10399    -0.00651    -0.01718    -0.01410    -0.01093    -0.01259    -0.00094    -0.01846    -0.00747    -0.19216
     2.86261    -0.17214    -0.01126    -0.02737    -0.02123    -0.01707    -0.02051    -0.00151    -0.02996    -0.01143    -0.31249
     2.98761    -0.20377    -0.01576    -0.03158    -0.02480    -0.01881    -0.02345    -0.00168    -0.03418    -0.01285    -0.36688
     3.11161    -0.17672    -0.01953    -0.02654    -0.02380    -0.01473    -0.01907    -0.00134    -0.02917    -0.01031    -0.32122
     3.23661    -0.15411    -0.02488    -0.02387    -0.02493    -0.01123    -0.01553    -0.00107    -0.02653    -0.00777    -0.28991
     3.36161    -0.16737    -0.02933    -0.03031    -0.02987    -0.01090    -0.01744    -0.00109    -0.02872    -0.00729    -0.32231
     3.48661    -0.17718    -0.02819    -0.03839    -0.03387    -0.01025    -0.02065    -0.00108    -0.02721    -0.00692    -0.34374
     3.61061    -0.16341    -0.02559    -0.04140    -0.03497    -0.00781    -0.02190    -0.00096    -0.01988    -0.00562    -0.32153
     3.73561    -0.14021    -0.02786    -0.04160    -0.03555    -0.00534    -0.02118    -0.00088    -0.01187    -0.00433    -0.28881
     3.86061    -0.11017    -0.03319    -0.04274    -0.03551    -0.00384    -0.01734    -0.00093    -0.00702    -0.00360    -0.25435
     3.98461    -0.08665    -0.04097    -0.04929    -0.03499    -0.00327    -0.01289    -0.00104    -0.00565    -0.00369    -0.23843
     4.10961    -0.08673    -0.05189    -0.06322    -0.03894    -0.00344    -0.01207    -0.00123    -0.00675    -0.00459    -0.26885
     4.23461    -0.09548    -0.05650    -0.07239    -0.04822    -0.00361    -0.01298    -0.00134    -0.00856    -0.00531    -0.30438
     4.35861    -0.10520    -0.05559    -0.06908    -0.05883    -0.00349    -0.01420    -0.00124    -0.01020    -0.00564    -0.32348
     4.48361    -0.12020    -0.05979    -0.06536    -0.06429    -0.00360    -0.01613    -0.00112    -0.01168    -0.00607    -0.34825
     4.60861    -0.12909    -0.06490    -0.06486    -0.06433    -0.00422    -0.01687    -0.00108    -0.01355    -0.00653    -0.36543
     4.73261    -0.12853    -0.06901    -0.06420    -0.06707    -0.00502    -0.01674    -0.00110    -0.01648    -0.00703    -0.37518
     4.85761    -0.12469    -0.07647    -0.06420    -0.07197    -0.00545    -0.01756    -0.00108    -0.01817    -0.00738    -0.38697
     4.98261    -0.12320    -0.08306    -0.06476    -0.07244    -0.00580    -0.01846    -0.00102    -0.01733    -0.00739    -0.39346
     5.10761    -0.12747    -0.08288    -0.06541    -0.07072    -0.00660    -0.01746    -0.00105    -0.01597    -0.00706    -0.39462
     5.23161    -0.13945    -0.08274    -0.06473    -0.07310    -0.00794    -0.01561    -0.00117    -0.01554    -0.00672    -0.40700
     5.35661    -0.15136    -0.08895    -0.06049    -0.07891    -0.00908    -0.01484    -0.00118    -0.01469    -0.00651    -0.42602
     5.48161    -0.15231    -0.09578    -0.05366    -0.08363    -0.00927    -0.01431    -0.00117    -0.01236    -0.00591    -0.42839
     5.60561    -0.14580    -0.09748    -0.04687    -0.08508    -0.00901    -0.01286    -0.00121    -0.01010    -0.00509    -0.41349
     5.73061    -0.13255    -0.09393    -0.04388    -0.08263    -0.00860    -0.01073    -0.00126    -0.00850    -0.00468    -0.38676
     5.85561    -0.12126    -0.08836    -0.04844    -0.07998    -0.00845    -0.00915    -0.00132    -0.00744    -0.00506    -0.36946
     5.97961    -0.12511    -0.08278    -0.05930    -0.07820    -0.00898    -0.00873    -0.00140    -0.00715    -0.00607    -0.37773
     6.10461    -0.13407    -0.07704    -0.07476    -0.07513    -0.00932    -0.00851    -0.00150    -0.00699    -0.00727    -0.39459
     6.22961    -0.13806    -0.07263    -0.09300    -0.07428    -0.00892    -0.00793    -0.00168    -0.00681    -0.00812    -0.41143
     6.35361    -0.14027    -0.07276    -0.10681    -0.07684    -0.00793    -0.00758    -0.00188    -0.00669    -0.00819    -0.42895
     6.47861    -0.14477    -0.07969    -0.11143    -0.08159    -0.00673    -0.00751    -0.00210    -0.00647    -0.00800    -0.44829
     6.60361    -0.14764    -0.09075    -0.11096    -0.09064    -0.00599    -0.00717    -0.00234    -0.00618    -0.00792    -0.46960
     6.72761    -0.14716    -0.10076    -0.11291    -0.10076    -0.00578    -0.00700    -0.00248    -0.00615    -0.00789    -0.49089
     6.85261    -0.14322    -0.10633    -0.11593    -0.10355    -0.00568    -0.00719    -0.00246    -0.00614    -0.00788    -0.49839
     6.97761    -0.13300    -0.10636    -0.11204    -0.10034    -0.00550    -0.00690    -0.00234    -0.00557    -0.00758    -0.47963
     7.10261    -0.12586    -0.10182    -0.10236    -0.09768    -0.00541    -0.00601    -0.00215    -0.00478    -0.00677    -0.45285
     7.22661    -0.12837    -0.09693    -0.09879    -0.09687    -0.00573    -0.00535    -0.00215    -0.00435    -0.00575    -0.44427
     7.35161    -0.12980    -0.09675    -0.10247    -0.09494    -0.00599    -0.00514    -0.00239    -0.00404    -0.00499    -0.44651
     7.47661    -0.12432    -0.10201    -0.10383    -0.09327    -0.00554    -0.00493    -0.00261    -0.00357    -0.00484    -0.44493
     7.60061    -0.11979    -0.10605    -0.09883    -0.09634    -0.00495    -0.00448    -0.00268    -0.00319    -0.00509    -0.44141
     7.72561    -0.12414    -0.10622    -0.09305    -0.10468    -0.00507    -0.00412    -0.00272    -0.00343    -0.00527    -0.44870
     7.85061    -0.13209    -0.10590    -0.09097    -0.11098    -0.00553    -0.00413    -0.00278    -0.00413    -0.00525    -0.46175
     7.97461    -0.13082    -0.10346    -0.09002    -0.10658    -0.00549    -0.00427    -0.00288    -0.00472    -0.00494    -0.45317
     8.09961    -0.11959    -0.09785    -0.08928    -0.09707    -0.00505    -0.00426    -0.00305    -0.00507    -0.00443    -0.42566
     8.22461    -0.10524    -0.08869    -0.08694    -0.08855    -0.00457    -0.00402    -0.00308    -0.00521    -0.00396    -0.39026
     8.34861    -0.08592    -0.07266    -0.07463    -0.07406    -0.00372    -0.00347    -0.00275    -0.00469    -0.00339    -0.32530
     8.47361    -0.05595    -0.04776    -0.04922    -0.04955    -0.00240    -0.00243    -0.00191    -0.00332    -0.00236    -0.21489
     8.59861    -0.02435    -0.02144    -0.02176    -0.02301    -0.00109    -0.00118    -0.00087    -0.00161    -0.00112    -0.09643
     8.72261    -0.00624    -0.00575    -0.00575    -0.00649    -0.00031    -0.00034    -0.00023    -0.00047    -0.00032    -0.02589
     8.84761    -0.00087    -0.00085    -0.00084    -0.00101    -0.00005    -0.00005    -0.00003    -0.00007    -0.00005    -0.00384
     8.97261    -0.00006    -0.00007    -0.00006    -0.00008    -0.00000    -0.00000    -0.00000    -0.00001    -0.00000    -0.00030
     9.09761    -0.00000    -0.00000    -0.00000    -0.00000    -0.00000    -0.00000    -0.00000    -0.00000    -0.00000    -0.00001
     9.22161    -0.00000    -0.00000    -0.00000    -0.00000    -0.00000    -0.00000    -0.00000    -0.00000    -0.00000    -0.00000
     9.34661    -0.00000    -0.00000    -0.00000    -0.00000    -0.00000    -0.00000    -0.00000    -0.00000    -0.00000    -0.00000
     9.47161    -0.00000    -0.00000    -0.00000    -0.00000    -0.00000    -0.00000    -0.00000    -0.00000    -0.00000    -0.00000
     9.59561    -0.00000    -0.00000    -0.00000    -0.00000    -0.00000    -0.00000    -0.00000    -0.00000    -0.00000    -0.00000
     9.72061    -0.00000    -0.00000    -0.00000    -0.00000    -0.00000    -0.00000    -0.00000    -0.00000    -0.00000    -0.00000
     9.84561     0.00000     0.00000     0.00000     0.00000     0.00000     0.00000     0.00000     0.00000     0.00000     0.00000
     9.96961     0.00000     0.00000     0.00000     0.00000     0.00000     0.00000     0.00000     0.00000     0.00000     0.00000
    10.09461     0.00000     0.00000     0.00000     0.00000     0.00000     0.00000     0.00000     0.00000     0.00000     0.00000
    10.21961     0.00000     0.00000     0.00000     0.00000     0.00000     0.00000     0.00000     0.00000     0.00000     0.00000
    10.34361     0.00000     0.00000     0.00000     0.00000     0.00000     0.00000     0.00000     0.00000     0.00000     0.00000
    10.46861     0.00000     0.00000     0.00000     0.00000     0.00000     0.00000     0.00000     0.00000     0.00000     0.00000
