     #Energy           s          py          pz          px         dxy         dyz         dz2         dxz         dx2       tot  
   -26.93739     0.00000     0.00000     0.00000     0.00000     0.00000     0.00000     0.00000     0.00000     0.00000     0.00000
   -26.81339     0.00000     0.00000     0.00000     0.00000     0.00000     0.00000     0.00000     0.00000     0.00000     0.00000
   -26.68839     0.00000     0.00000     0.00000     0.00000     0.00000     0.00000     0.00000     0.00000     0.00000     0.00000
   -26.56339     0.00000     0.00000     0.00000     0.00000     0.00000     0.00000     0.00000     0.00000     0.00000     0.00000
   -26.43939     0.00000     0.00000     0.00000     0.00000     0.00000     0.00000     0.00000     0.00000     0.00000     0.00000
   -26.31439     0.00000     0.00000     0.00000     0.00000     0.00000     0.00000     0.00000     0.00000     0.00000     0.00000
   -26.18939     0.00000     0.00000     0.00000     0.00000     0.00000     0.00000     0.00000     0.00000     0.00000     0.00000
   -26.06539     0.00000     0.00000     0.00000     0.00000     0.00000     0.00000     0.00000     0.00000     0.00000     0.00000
   -25.94039     0.00000     0.00000     0.00000     0.00000     0.00000     0.00000     0.00000     0.00000     0.00000     0.00000
   -25.81539     0.00000     0.00000     0.00000     0.00000     0.00000     0.00000     0.00000     0.00000     0.00000     0.00000
   -25.69139     0.00000     0.00000     0.00000     0.00000     0.00000     0.00000     0.00000     0.00000     0.00000     0.00000
   -25.56639     0.00000     0.00000     0.00000     0.00000     0.00000     0.00000     0.00000     0.00000     0.00000     0.00000
   -25.44139     0.00000     0.00000     0.00000     0.00000     0.00000     0.00000     0.00000     0.00000     0.00000     0.00000
   -25.31739     0.00000     0.00000     0.00000     0.00000     0.00000     0.00000     0.00000     0.00000     0.00000     0.00001
   -25.19239     0.00001     0.00001     0.00000     0.00001     0.00000     0.00000     0.00000     0.00000     0.00001     0.00005
   -25.06739     0.00006     0.00003     0.00000     0.00005     0.00002     0.00000     0.00002     0.00000     0.00004     0.00022
   -24.94239     0.00013     0.00006     0.00000     0.00011     0.00004     0.00000     0.00004     0.00000     0.00008     0.00046
   -24.81839     0.00015     0.00006     0.00000     0.00012     0.00004     0.00000     0.00005     0.00000     0.00009     0.00051
   -24.69339     0.00014     0.00004     0.00001     0.00009     0.00002     0.00001     0.00003     0.00000     0.00007     0.00039
   -24.56839     0.00015     0.00002     0.00001     0.00009     0.00001     0.00001     0.00002     0.00000     0.00006     0.00037
   -24.44439     0.00015     0.00001     0.00000     0.00009     0.00000     0.00000     0.00002     0.00000     0.00006     0.00033
   -24.31939     0.00011     0.00000     0.00000     0.00005     0.00000     0.00000     0.00001     0.00000     0.00003     0.00021
   -24.19439     0.00017     0.00001     0.00000     0.00002     0.00000     0.00000     0.00000     0.00000     0.00001     0.00021
   -24.07039     0.00029     0.00001     0.00000     0.00002     0.00000     0.00000     0.00000     0.00000     0.00000     0.00032
   -23.94539     0.00026     0.00001     0.00000     0.00001     0.00000     0.00000     0.00000     0.00000     0.00000     0.00028
   -23.82039     0.00011     0.00000     0.00000     0.00001     0.00000     0.00000     0.00000     0.00000     0.00000     0.00012
   -23.69639     0.00002     0.00000     0.00000     0.00000     0.00000     0.00000     0.00000     0.00000     0.00000     0.00003
   -23.57139     0.00000     0.00000     0.00000     0.00000     0.00000     0.00000     0.00000     0.00000     0.00000     0.00000
   -23.44639     0.00004     0.00000     0.00000     0.00000     0.00000     0.00000     0.00000     0.00000     0.00000     0.00005
   -23.32239     0.00039     0.00002     0.00005     0.00000     0.00000     0.00002     0.00002     0.00000     0.00000     0.00050
   -23.19739     0.00196     0.00009     0.00025     0.00001     0.00000     0.00008     0.00011     0.00000     0.00001     0.00253
   -23.07239     0.00476     0.00021     0.00062     0.00003     0.00001     0.00020     0.00028     0.00000     0.00003     0.00615
   -22.94739     0.00558     0.00025     0.00073     0.00004     0.00001     0.00024     0.00033     0.00000     0.00004     0.00721
   -22.82339     0.00316     0.00014     0.00041     0.00002     0.00000     0.00014     0.00019     0.00000     0.00002     0.00408
   -22.69839     0.00086     0.00004     0.00011     0.00001     0.00000     0.00004     0.00005     0.00000     0.00001     0.00111
   -22.57339     0.00011     0.00000     0.00001     0.00000     0.00000     0.00000     0.00001     0.00000     0.00000     0.00015
   -22.44939     0.00001     0.00000     0.00000     0.00000     0.00000     0.00000     0.00000     0.00000     0.00000     0.00001
   -22.32439     0.00000     0.00000     0.00000     0.00000     0.00000     0.00000     0.00000     0.00000     0.00000     0.00000
   -22.19939     0.00000     0.00000     0.00000     0.00000     0.00000     0.00000     0.00000     0.00000     0.00000     0.00000
   -22.07539     0.00000     0.00000     0.00000     0.00000     0.00000     0.00000     0.00000     0.00000     0.00000     0.00000
   -21.95039     0.00000     0.00000     0.00000     0.00000     0.00000     0.00000     0.00000     0.00000     0.00000     0.00000
   -21.82539     0.00000     0.00000     0.00000     0.00000     0.00000     0.00000     0.00000     0.00000     0.00000     0.00000
   -21.70139     0.00000     0.00000     0.00000     0.00000     0.00000     0.00000     0.00000     0.00000     0.00000     0.00000
   -21.57639     0.00000     0.00000     0.00000     0.00000     0.00000     0.00000     0.00000     0.00000     0.00000     0.00000
   -21.45139     0.00000     0.00000     0.00000     0.00000     0.00000     0.00000     0.00000     0.00000     0.00000     0.00000
   -21.32639     0.00000     0.00000     0.00000     0.00000     0.00000     0.00000     0.00000     0.00000     0.00000     0.00000
   -21.20239     0.00000     0.00000     0.00000     0.00000     0.00000     0.00000     0.00000     0.00000     0.00000     0.00000
   -21.07739     0.00000     0.00000     0.00000     0.00000     0.00000     0.00000     0.00000     0.00000     0.00000     0.00000
   -20.95239     0.00000     0.00000     0.00000     0.00000     0.00000     0.00000     0.00000     0.00000     0.00000     0.00000
   -20.82839     0.00000     0.00000     0.00000     0.00000     0.00000     0.00000     0.00000     0.00000     0.00000     0.00000
   -20.70339     0.00000     0.00000     0.00000     0.00000     0.00000     0.00000     0.00000     0.00000     0.00000     0.00000
   -20.57839     0.00000     0.00000     0.00000     0.00000     0.00000     0.00000     0.00000     0.00000     0.00000     0.00000
   -20.45439     0.00000     0.00000     0.00000     0.00000     0.00000     0.00000     0.00000     0.00000     0.00000     0.00000
   -20.32939     0.00000     0.00000     0.00000     0.00000     0.00000     0.00000     0.00000     0.00000     0.00000     0.00000
   -20.20439     0.00001     0.00000     0.00000     0.00000     0.00000     0.00000     0.00000     0.00000     0.00000     0.00001
   -20.08039     0.00020     0.00001     0.00002     0.00002     0.00001     0.00001     0.00000     0.00004     0.00001     0.00032
   -19.95539     0.00295     0.00009     0.00024     0.00025     0.00016     0.00011     0.00000     0.00042     0.00011     0.00433
   -19.83039     0.03073     0.00071     0.00189     0.00136     0.00090     0.00067     0.00000     0.00234     0.00061     0.03921
   -19.70639     0.21863     0.00384     0.01016     0.00373     0.00254     0.00243     0.00001     0.00639     0.00180     0.24953
   -19.58139     0.89204     0.01360     0.03592     0.00532     0.00392     0.00600     0.00003     0.00883     0.00309     0.96876
   -19.45639     1.90776     0.02773     0.07194     0.00492     0.00376     0.00988     0.00008     0.00663     0.00358     2.03626
   -19.33139     2.31065     0.03378     0.07930     0.00727     0.00260     0.00953     0.00012     0.00325     0.00313     2.44963
   -19.20739     2.31986     0.03586     0.06187     0.01760     0.00162     0.00549     0.00019     0.00174     0.00266     2.44689
   -19.08239     2.41017     0.03897     0.05068     0.02700     0.00126     0.00277     0.00026     0.00152     0.00263     2.53526
   -18.95739     1.81348     0.03044     0.03536     0.02363     0.00117     0.00209     0.00023     0.00151     0.00227     1.91017
   -18.83339     1.31884     0.02582     0.02513     0.02450     0.00215     0.00394     0.00028     0.00281     0.00296     1.40640
   -18.70839     1.97585     0.04337     0.03916     0.04428     0.00463     0.00872     0.00054     0.00603     0.00574     2.12832
   -18.58339     2.53618     0.05675     0.05342     0.05590     0.00575     0.01098     0.00070     0.00744     0.00703     2.73415
   -18.45939     1.75637     0.03980     0.03935     0.03721     0.00366     0.00705     0.00047     0.00470     0.00446     1.89309
   -18.33439     0.62145     0.01432     0.01480     0.01263     0.00118     0.00227     0.00016     0.00150     0.00143     0.66976
   -18.20939     0.11094     0.00260     0.00280     0.00216     0.00019     0.00036     0.00003     0.00024     0.00023     0.11957
   -18.08539     0.00988     0.00024     0.00026     0.00018     0.00002     0.00003     0.00000     0.00002     0.00002     0.01065
   -17.96039     0.00043     0.00001     0.00001     0.00001     0.00000     0.00000     0.00000     0.00000     0.00000     0.00047
   -17.83539     0.00001     0.00000     0.00000     0.00000     0.00000     0.00000     0.00000     0.00000     0.00000     0.00001
   -17.71139     0.00000     0.00000     0.00000     0.00000     0.00000     0.00000     0.00000     0.00000     0.00000     0.00000
   -17.58639     0.00000     0.00000     0.00000     0.00000     0.00000     0.00000     0.00000     0.00000     0.00000     0.00000
   -17.46139     0.00000     0.00000     0.00000     0.00000     0.00000     0.00000     0.00000     0.00000     0.00000     0.00000
   -17.33639     0.00000     0.00000     0.00000     0.00000     0.00000     0.00000     0.00000     0.00000     0.00000     0.00000
   -17.21239     0.00000     0.00000     0.00000     0.00000     0.00000     0.00000     0.00000     0.00000     0.00000     0.00000
   -17.08739     0.00000     0.00000     0.00000     0.00000     0.00000     0.00000     0.00000     0.00000     0.00000     0.00000
   -16.96239     0.00000     0.00000     0.00000     0.00000     0.00000     0.00000     0.00000     0.00000     0.00000     0.00000
   -16.83839     0.00001     0.00000     0.00000     0.00000     0.00000     0.00000     0.00000     0.00000     0.00000     0.00001
   -16.71339     0.00022     0.00001     0.00002     0.00001     0.00000     0.00002     0.00001     0.00000     0.00000     0.00030
   -16.58839     0.00230     0.00014     0.00021     0.00006     0.00000     0.00021     0.00009     0.00001     0.00002     0.00305
   -16.46439     0.01133     0.00068     0.00104     0.00029     0.00002     0.00105     0.00043     0.00005     0.00011     0.01501
   -16.33939     0.02680     0.00160     0.00246     0.00068     0.00006     0.00248     0.00103     0.00012     0.00027     0.03550
   -16.21439     0.03056     0.00183     0.00281     0.00078     0.00006     0.00283     0.00117     0.00014     0.00031     0.04049
   -16.09039     0.01683     0.00101     0.00155     0.00043     0.00004     0.00156     0.00064     0.00008     0.00017     0.02230
   -15.96539     0.00446     0.00027     0.00041     0.00011     0.00001     0.00041     0.00017     0.00002     0.00004     0.00591
   -15.84039     0.00057     0.00003     0.00005     0.00001     0.00000     0.00005     0.00002     0.00000     0.00001     0.00075
   -15.71539     0.00004     0.00000     0.00000     0.00000     0.00000     0.00000     0.00000     0.00000     0.00000     0.00005
   -15.59139     0.00002     0.00001     0.00000     0.00002     0.00002     0.00000     0.00001     0.00000     0.00001     0.00008
   -15.46639     0.00017     0.00005     0.00000     0.00012     0.00013     0.00000     0.00006     0.00000     0.00008     0.00061
   -15.34139     0.00070     0.00019     0.00001     0.00046     0.00046     0.00001     0.00023     0.00001     0.00032     0.00239
   -15.21739     0.00160     0.00037     0.00004     0.00097     0.00083     0.00003     0.00045     0.00003     0.00070     0.00502
   -15.09239     0.00211     0.00039     0.00007     0.00114     0.00080     0.00005     0.00048     0.00005     0.00087     0.00595
   -14.96739     0.00161     0.00024     0.00007     0.00076     0.00042     0.00005     0.00029     0.00004     0.00061     0.00408
   -14.84339     0.00069     0.00009     0.00005     0.00030     0.00012     0.00002     0.00010     0.00002     0.00024     0.00164
   -14.71839     0.00017     0.00002     0.00002     0.00007     0.00002     0.00001     0.00002     0.00001     0.00006     0.00040
   -14.59339     0.00002     0.00000     0.00001     0.00001     0.00000     0.00000     0.00000     0.00000     0.00001     0.00006
   -14.46939     0.00000     0.00000     0.00000     0.00000     0.00000     0.00000     0.00000     0.00000     0.00000     0.00001
   -14.34439     0.00000     0.00000     0.00000     0.00000     0.00000     0.00000     0.00000     0.00000     0.00000     0.00000
   -14.21939     0.00000     0.00000     0.00000     0.00000     0.00000     0.00000     0.00000     0.00000     0.00000     0.00000
   -14.09539     0.00000     0.00000     0.00000     0.00000     0.00000     0.00000     0.00000     0.00000     0.00000     0.00000
   -13.97039     0.00000     0.00000     0.00000     0.00000     0.00000     0.00000     0.00000     0.00000     0.00000     0.00000
   -13.84539     0.00000     0.00000     0.00000     0.00000     0.00000     0.00000     0.00000     0.00000     0.00000     0.00000
   -13.72039     0.00000     0.00000     0.00000     0.00000     0.00000     0.00000     0.00000     0.00000     0.00000     0.00000
   -13.59639     0.00000     0.00000     0.00000     0.00000     0.00000     0.00000     0.00000     0.00000     0.00000     0.00000
   -13.47139     0.00000     0.00000     0.00000     0.00000     0.00000     0.00000     0.00000     0.00000     0.00000     0.00000
   -13.34639     0.00000     0.00000     0.00000     0.00000     0.00000     0.00000     0.00000     0.00000     0.00000     0.00000
   -13.22239     0.00000     0.00000     0.00000     0.00000     0.00000     0.00000     0.00000     0.00000     0.00000     0.00000
   -13.09739     0.00000     0.00000     0.00000     0.00000     0.00000     0.00000     0.00000     0.00000     0.00000     0.00000
   -12.97239     0.00000     0.00000     0.00000     0.00000     0.00000     0.00000     0.00000     0.00000     0.00000     0.00000
   -12.84839     0.00000     0.00000     0.00000     0.00000     0.00000     0.00000     0.00000     0.00000     0.00000     0.00000
   -12.72339     0.00000     0.00000     0.00000     0.00000     0.00000     0.00000     0.00000     0.00000     0.00000     0.00000
   -12.59839     0.00000     0.00000     0.00000     0.00000     0.00000     0.00000     0.00000     0.00000     0.00000     0.00000
   -12.47439     0.00000     0.00000     0.00000     0.00000     0.00000     0.00000     0.00000     0.00000     0.00000     0.00000
   -12.34939     0.00000     0.00000     0.00000     0.00000     0.00000     0.00000     0.00000     0.00000     0.00000     0.00000
   -12.22439     0.00000     0.00000     0.00000     0.00000     0.00000     0.00000     0.00000     0.00000     0.00000     0.00000
   -12.10039     0.00000     0.00000     0.00000     0.00000     0.00000     0.00000     0.00000     0.00000     0.00000     0.00000
   -11.97539     0.00000     0.00000     0.00000     0.00000     0.00000     0.00000     0.00000     0.00000     0.00000     0.00000
   -11.85039     0.00000     0.00000     0.00000     0.00000     0.00000     0.00000     0.00000     0.00000     0.00000     0.00000
   -11.72539     0.00000     0.00000     0.00000     0.00000     0.00000     0.00000     0.00000     0.00000     0.00000     0.00000
   -11.60139     0.00000     0.00000     0.00000     0.00000     0.00000     0.00000     0.00000     0.00000     0.00000     0.00000
   -11.47639     0.00000     0.00000     0.00000     0.00000     0.00000     0.00000     0.00000     0.00000     0.00000     0.00000
   -11.35139     0.00000     0.00000     0.00000     0.00000     0.00000     0.00000     0.00000     0.00000     0.00000     0.00000
   -11.22739     0.00000     0.00000     0.00000     0.00000     0.00000     0.00000     0.00000     0.00000     0.00000     0.00000
   -11.10239     0.00000     0.00000     0.00000     0.00000     0.00000     0.00000     0.00000     0.00000     0.00000     0.00000
   -10.97739     0.00000     0.00000     0.00000     0.00000     0.00000     0.00000     0.00000     0.00000     0.00000     0.00000
   -10.85339     0.00000     0.00000     0.00000     0.00000     0.00000     0.00000     0.00000     0.00000     0.00000     0.00000
   -10.72839     0.00000     0.00000     0.00000     0.00000     0.00000     0.00000     0.00000     0.00000     0.00000     0.00000
   -10.60339     0.00000     0.00000     0.00000     0.00000     0.00000     0.00000     0.00000     0.00000     0.00000     0.00000
   -10.47939     0.00000     0.00000     0.00000     0.00000     0.00000     0.00000     0.00000     0.00000     0.00000     0.00000
   -10.35439     0.00000     0.00000     0.00000     0.00000     0.00000     0.00000     0.00000     0.00000     0.00000     0.00000
   -10.22939     0.00000     0.00000     0.00000     0.00000     0.00000     0.00000     0.00000     0.00000     0.00000     0.00000
   -10.10539     0.00000     0.00000     0.00000     0.00000     0.00000     0.00000     0.00000     0.00000     0.00000     0.00000
    -9.98039     0.00000     0.00000     0.00000     0.00000     0.00000     0.00000     0.00000     0.00000     0.00000     0.00000
    -9.85539     0.00000     0.00000     0.00000     0.00000     0.00000     0.00000     0.00000     0.00000     0.00000     0.00000
    -9.73039     0.00000     0.00000     0.00000     0.00000     0.00000     0.00000     0.00000     0.00000     0.00000     0.00000
    -9.60639     0.00000     0.00000     0.00000     0.00000     0.00000     0.00000     0.00000     0.00000     0.00000     0.00000
    -9.48139     0.00000     0.00000     0.00000     0.00000     0.00000     0.00000     0.00000     0.00000     0.00000     0.00000
    -9.35639     0.00000     0.00000     0.00000     0.00000     0.00000     0.00000     0.00000     0.00000     0.00000     0.00000
    -9.23239     0.00000     0.00000     0.00000     0.00000     0.00000     0.00000     0.00000     0.00000     0.00000     0.00000
    -9.10739     0.00000     0.00000     0.00000     0.00000     0.00000     0.00000     0.00000     0.00000     0.00000     0.00000
    -8.98239     0.00000     0.00000     0.00000     0.00000     0.00000     0.00000     0.00000     0.00000     0.00000     0.00000
    -8.85839     0.00000     0.00000     0.00000     0.00000     0.00000     0.00000     0.00000     0.00000     0.00000     0.00000
    -8.73339     0.00000     0.00000     0.00000     0.00000     0.00000     0.00000     0.00000     0.00000     0.00000     0.00000
    -8.60839     0.00003     0.00002     0.00001     0.00001     0.00000     0.00000     0.00000     0.00000     0.00000     0.00007
    -8.48439     0.00051     0.00029     0.00027     0.00021     0.00001     0.00007     0.00001     0.00004     0.00003     0.00144
    -8.35939     0.00478     0.00275     0.00252     0.00198     0.00014     0.00061     0.00009     0.00033     0.00028     0.01347
    -8.23439     0.02136     0.01231     0.01128     0.00889     0.00080     0.00274     0.00042     0.00146     0.00124     0.06050
    -8.10939     0.04637     0.02696     0.02466     0.01938     0.00238     0.00589     0.00108     0.00316     0.00276     0.13264
    -7.98539     0.05126     0.03153     0.02893     0.02128     0.00400     0.00618     0.00178     0.00337     0.00316     0.15149
    -7.86039     0.04072     0.03255     0.03180     0.01517     0.00437     0.00337     0.00333     0.00196     0.00237     0.13565
    -7.73539     0.06113     0.06264     0.06727     0.01968     0.00407     0.00161     0.00795     0.00107     0.00237     0.22778
    -7.61139     0.13256     0.13683     0.14868     0.04608     0.00440     0.00199     0.01518     0.00118     0.00442     0.49132
    -7.48639     0.22641     0.22767     0.25141     0.08138     0.00674     0.00354     0.02127     0.00177     0.00943     0.82963
    -7.36139     0.28453     0.27164     0.32893     0.09447     0.01116     0.00525     0.02445     0.00251     0.01698     1.03991
    -7.23739     0.29530     0.26132     0.35255     0.09474     0.01517     0.00574     0.02418     0.00305     0.02322     1.07526
    -7.11239     0.29169     0.24163     0.33424     0.10908     0.01525     0.00605     0.02139     0.00311     0.02415     1.04659
    -6.98739     0.28722     0.21745     0.31673     0.12083     0.01414     0.00969     0.02169     0.00383     0.02334     1.01492
    -6.86339     0.28496     0.19207     0.30787     0.13048     0.02048     0.01715     0.02747     0.00834     0.02407     1.01288
    -6.73839     0.25700     0.16674     0.24936     0.15018     0.03305     0.02550     0.02955     0.01805     0.02119     0.95063
    -6.61339     0.21371     0.15353     0.16907     0.17951     0.04407     0.03354     0.02276     0.02964     0.01597     0.86180
    -6.48939     0.20399     0.17367     0.14344     0.22776     0.06020     0.04447     0.01629     0.03828     0.01354     0.92164
    -6.36439     0.26537     0.25437     0.16418     0.33177     0.09690     0.07152     0.01610     0.04861     0.01379     1.26260
    -6.23939     0.37081     0.38942     0.16882     0.48317     0.13921     0.11336     0.01877     0.06466     0.01653     1.76475
    -6.11439     0.37722     0.44274     0.13580     0.52779     0.13290     0.12882     0.01954     0.06784     0.02181     1.85447
    -5.99039     0.27975     0.36700     0.13020     0.43523     0.08217     0.10480     0.01842     0.05219     0.02988     1.49964
    -5.86539     0.21755     0.29010     0.19270     0.34290     0.04622     0.07589     0.01724     0.04019     0.04252     1.26530
    -5.74039     0.18533     0.23817     0.24507     0.25680     0.03452     0.06812     0.01359     0.04587     0.06080     1.14827
    -5.61639     0.15624     0.20044     0.25603     0.19665     0.03407     0.10004     0.01085     0.07396     0.09461     1.12289
    -5.49139     0.15650     0.20262     0.27895     0.20115     0.03865     0.14373     0.01345     0.10376     0.13373     1.27254
    -5.36639     0.15003     0.22028     0.26726     0.21203     0.03652     0.15253     0.01811     0.11106     0.14154     1.30937
    -5.24239     0.12616     0.25284     0.22056     0.21747     0.02928     0.14581     0.02274     0.11108     0.12570     1.25164
    -5.11739     0.10821     0.28536     0.19556     0.22864     0.02336     0.14860     0.02464     0.11042     0.10801     1.23281
    -4.99239     0.08352     0.25491     0.15804     0.20498     0.01648     0.14069     0.01947     0.09410     0.08181     1.05400
    -4.86839     0.05417     0.17944     0.10053     0.14360     0.00993     0.11928     0.01186     0.06850     0.05497     0.74227
    -4.74339     0.04943     0.16364     0.08103     0.11887     0.00925     0.13479     0.00984     0.06927     0.05510     0.69123
    -4.61839     0.05942     0.18922     0.09869     0.13093     0.01379     0.16123     0.01154     0.08046     0.06907     0.81434
    -4.49439     0.05668     0.18746     0.11799     0.14735     0.02520     0.14306     0.01457     0.07323     0.06510     0.83064
    -4.36939     0.04806     0.20317     0.15005     0.21219     0.04920     0.10938     0.02420     0.07187     0.04867     0.91679
    -4.24439     0.04786     0.26235     0.18619     0.30691     0.07644     0.09253     0.03808     0.08575     0.04550     1.14160
    -4.11939     0.05559     0.31462     0.18838     0.36044     0.11021     0.09195     0.05800     0.09775     0.07004     1.34698
    -3.99539     0.06790     0.33379     0.21351     0.39642     0.18864     0.10128     0.12353     0.11060     0.11740     1.65307
    -3.87039     0.08311     0.34675     0.34490     0.43464     0.31720     0.11684     0.29300     0.13426     0.17883     2.24954
    -3.74539     0.08968     0.38130     0.52081     0.44462     0.41670     0.13646     0.52840     0.15884     0.23854     2.91536
    -3.62139     0.07832     0.42002     0.57614     0.42105     0.38780     0.14374     0.61750     0.16837     0.25706     3.06999
    -3.49639     0.05952     0.43736     0.46399     0.40101     0.26490     0.12584     0.45990     0.17525     0.22401     2.61178
    -3.37139     0.04452     0.41146     0.29548     0.39305     0.17959     0.10508     0.25401     0.22180     0.18946     2.09446
    -3.24739     0.04041     0.34694     0.17962     0.36293     0.21200     0.13526     0.18518     0.41502     0.22232     2.09969
    -3.12239     0.04922     0.27311     0.13983     0.29817     0.42003     0.26008     0.29729     0.86267     0.38394     2.98433
    -2.99739     0.05893     0.21316     0.13014     0.21735     0.79967     0.46180     0.58850     1.36281     0.66258     4.49494
    -2.87339     0.06024     0.16846     0.11773     0.15388     1.06890     0.65840     0.93080     1.40320     0.92710     5.48871
    -2.74839     0.06100     0.13319     0.13362     0.14180     1.06250     0.85680     1.17620     0.97790     1.11510     5.65811
    -2.62339     0.07304     0.12153     0.21171     0.18448     1.16560     1.24710     1.51000     0.74540     1.40360     6.66245
    -2.49939     0.08130     0.12929     0.29899     0.23506     1.32490     1.62020     1.83910     0.91010     1.65180     8.09074
    -2.37439     0.06700     0.12829     0.31203     0.25773     1.03180     1.43340     1.58400     0.94414     1.38320     7.14159
    -2.24939     0.04900     0.12085     0.25482     0.26653     0.55050     0.87630     0.88170     0.64674     0.78490     4.43134
    -2.12439     0.05037     0.15649     0.18727     0.26117     0.35540     0.45750     0.36922     0.37002     0.37330     2.58074
    -2.00039     0.07505     0.27606     0.16259     0.27420     0.36380     0.27610     0.18699     0.28210     0.23550     2.13240
    -1.87539     0.10843     0.42299     0.22548     0.35251     0.36360     0.26720     0.21451     0.31630     0.26660     2.53762
    -1.75039     0.12566     0.46851     0.34086     0.41795     0.34580     0.32643     0.33970     0.35430     0.34470     3.06390
    -1.62639     0.12302     0.40630     0.39827     0.39826     0.34860     0.33448     0.41250     0.34080     0.37980     3.14203
    -1.50139     0.11323     0.33463     0.38923     0.33294     0.34890     0.26352     0.36810     0.28770     0.36140     2.79965
    -1.37639     0.10792     0.27820     0.43515     0.27694     0.32730     0.18888     0.28642     0.23203     0.29180     2.42463
    -1.25239     0.10769     0.22081     0.52238     0.24447     0.27410     0.14930     0.22452     0.20521     0.20404     2.15252
    -1.12739     0.10572     0.15474     0.48266     0.20080     0.21650     0.11565     0.16606     0.17891     0.14657     1.76761
    -1.00239     0.10758     0.09525     0.31671     0.14592     0.20220     0.08615     0.11103     0.14798     0.11980     1.33262
    -0.87839     0.13221     0.06871     0.17642     0.12771     0.21856     0.08628     0.07685     0.16817     0.11462     1.16952
    -0.75339     0.17457     0.06913     0.13944     0.14682     0.24532     0.11613     0.07669     0.23490     0.13087     1.33387
    -0.62839     0.18884     0.08132     0.18779     0.14781     0.24508     0.17891     0.10593     0.25542     0.14553     1.53664
    -0.50339     0.16293     0.11065     0.25185     0.11358     0.19653     0.28626     0.12185     0.20754     0.14326     1.59445
    -0.37939     0.12608     0.14130     0.25211     0.08686     0.13116     0.35743     0.09526     0.15216     0.13905     1.48140
    -0.25439     0.08822     0.13795     0.17842     0.08743     0.07884     0.30725     0.05087     0.10656     0.13051     1.16604
    -0.12939     0.05330     0.10510     0.09498     0.08776     0.04351     0.19577     0.02058     0.06410     0.10521     0.77030
    -0.00539     0.02747     0.06494     0.04119     0.06509     0.02011     0.09727     0.00732     0.03042     0.06292     0.41674
     0.11961     0.01308     0.03769     0.01509     0.04207     0.00817     0.03475     0.00248     0.01069     0.02557     0.18959
     0.24461     0.00915     0.03066     0.00686     0.04019     0.00568     0.01202     0.00149     0.00445     0.01163     0.12214
     0.36861     0.00876     0.03377     0.00552     0.04685     0.00680     0.00997     0.00206     0.00473     0.01216     0.13064
     0.49361     0.00741     0.04289     0.00528     0.05018     0.00749     0.01161     0.00275     0.00604     0.01422     0.14787
     0.61861     0.00605     0.05764     0.00540     0.05406     0.00672     0.01279     0.00332     0.00741     0.01510     0.16850
     0.74261     0.00564     0.06964     0.00547     0.06052     0.00549     0.01380     0.00404     0.00918     0.01655     0.19033
     0.86761     0.00496     0.07089     0.00481     0.06217     0.00454     0.01347     0.00451     0.01023     0.01698     0.19256
     0.99261     0.00346     0.05650     0.00342     0.05013     0.00345     0.01047     0.00390     0.00878     0.01375     0.15385
     1.11661     0.00169     0.02982     0.00171     0.02650     0.00187     0.00555     0.00218     0.00491     0.00742     0.08164
     1.24161     0.00050     0.00903     0.00051     0.00801     0.00059     0.00172     0.00069     0.00156     0.00231     0.02493
     1.36661     0.00008     0.00146     0.00008     0.00129     0.00010     0.00029     0.00012     0.00026     0.00039     0.00407
     1.49161     0.00001     0.00012     0.00001     0.00011     0.00001     0.00002     0.00001     0.00002     0.00003     0.00034
     1.61561     0.00000     0.00001     0.00000     0.00000     0.00000     0.00000     0.00000     0.00000     0.00000     0.00001
     1.74061     0.00000     0.00000     0.00000     0.00000     0.00000     0.00000     0.00000     0.00000     0.00000     0.00000
     1.86561     0.00001     0.00000     0.00000     0.00000     0.00000     0.00000     0.00000     0.00000     0.00000     0.00002
     1.98961     0.00018     0.00001     0.00003     0.00003     0.00002     0.00002     0.00000     0.00003     0.00001     0.00034
     2.11461     0.00174     0.00006     0.00031     0.00027     0.00020     0.00021     0.00001     0.00027     0.00014     0.00323
     2.23961     0.00859     0.00035     0.00155     0.00138     0.00100     0.00105     0.00007     0.00136     0.00071     0.01606
     2.36361     0.02382     0.00109     0.00430     0.00385     0.00272     0.00289     0.00020     0.00381     0.00197     0.04465
     2.48861     0.04489     0.00231     0.00805     0.00684     0.00498     0.00544     0.00037     0.00734     0.00364     0.08387
     2.61361     0.07877     0.00448     0.01360     0.01052     0.00839     0.00959     0.00065     0.01341     0.00589     0.14531
     2.73761     0.14168     0.00858     0.02334     0.01682     0.01435     0.01724     0.00117     0.02439     0.00960     0.25717
     2.86261     0.20656     0.01400     0.03300     0.02334     0.01962     0.02466     0.00164     0.03466     0.01307     0.37055
     2.98761     0.21114     0.01864     0.03282     0.02498     0.01844     0.02417     0.00157     0.03432     0.01253     0.37862
     3.11161     0.17364     0.02321     0.02713     0.02446     0.01340     0.01867     0.00120     0.02865     0.00917     0.31952
     3.23661     0.16494     0.02886     0.02962     0.02819     0.01101     0.01771     0.00112     0.02844     0.00734     0.31725
     3.36161     0.17762     0.03082     0.03849     0.03398     0.01033     0.02113     0.00120     0.02862     0.00687     0.34907
     3.48661     0.16836     0.02843     0.04236     0.03669     0.00820     0.02285     0.00111     0.02225     0.00573     0.33599
     3.61061     0.14532     0.02945     0.04057     0.03678     0.00579     0.02197     0.00096     0.01352     0.00442     0.29879
     3.73561     0.12207     0.03458     0.03956     0.03633     0.00465     0.01881     0.00092     0.00787     0.00381     0.26859
     3.86061     0.09639     0.03892     0.04333     0.03463     0.00416     0.01346     0.00096     0.00562     0.00368     0.24115
     3.98461     0.08602     0.04588     0.05414     0.03486     0.00395     0.01043     0.00104     0.00579     0.00415     0.24626
     4.10961     0.09461     0.05403     0.06701     0.04070     0.00406     0.01127     0.00115     0.00750     0.00500     0.28533
     4.23461     0.10496     0.05620     0.06954     0.05147     0.00397     0.01331     0.00113     0.00941     0.00564     0.31562
     4.35861     0.11802     0.05990     0.06430     0.06221     0.00382     0.01618     0.00101     0.01115     0.00626     0.34285
     4.48361     0.13032     0.06706     0.06169     0.06617     0.00409     0.01826     0.00095     0.01265     0.00675     0.36794
     4.60861     0.13197     0.07089     0.06087     0.06679     0.00481     0.01800     0.00097     0.01480     0.00703     0.37613
     4.73261     0.12966     0.07666     0.06136     0.07068     0.00555     0.01778     0.00101     0.01745     0.00740     0.38754
     4.85761     0.12833     0.08561     0.06247     0.07437     0.00606     0.01850     0.00100     0.01830     0.00760     0.40223
     4.98261     0.12763     0.08823     0.06275     0.07408     0.00675     0.01800     0.00099     0.01731     0.00736     0.40310
     5.10761     0.13250     0.08511     0.06254     0.07513     0.00790     0.01584     0.00108     0.01621     0.00684     0.40315
     5.23161     0.14578     0.08745     0.06134     0.08104     0.00929     0.01445     0.00118     0.01552     0.00661     0.42267
     5.35661     0.15241     0.09481     0.05734     0.08640     0.00990     0.01401     0.00117     0.01354     0.00638     0.43597
     5.48161     0.14502     0.09757     0.05165     0.08731     0.00943     0.01277     0.00118     0.01059     0.00563     0.42116
     5.60561     0.13030     0.09262     0.04633     0.08362     0.00858     0.01047     0.00122     0.00833     0.00481     0.38627
     5.73061     0.11405     0.08409     0.04577     0.07773     0.00784     0.00842     0.00124     0.00688     0.00457     0.35058
     5.85561     0.11142     0.07718     0.05330     0.07416     0.00809     0.00772     0.00129     0.00646     0.00526     0.34488
     5.97961     0.12422     0.07340     0.06722     0.07251     0.00894     0.00796     0.00141     0.00676     0.00653     0.36896
     6.10461     0.13652     0.07136     0.08597     0.07179     0.00908     0.00808     0.00165     0.00697     0.00775     0.39917
     6.22961     0.14414     0.07156     0.10335     0.07362     0.00842     0.00803     0.00198     0.00719     0.00829     0.42658
     6.35361     0.15177     0.07581     0.11090     0.07682     0.00728     0.00819     0.00229     0.00732     0.00822     0.44860
     6.47861     0.15710     0.08389     0.11031     0.08220     0.00623     0.00805     0.00258     0.00705     0.00809     0.46550
     6.60361     0.15693     0.09218     0.10968     0.09094     0.00574     0.00754     0.00281     0.00669     0.00786     0.48038
     6.72761     0.15353     0.09648     0.11375     0.09700     0.00557     0.00731     0.00280     0.00650     0.00758     0.49051
     6.85261     0.14381     0.09694     0.11689     0.09632     0.00540     0.00698     0.00257     0.00602     0.00739     0.48232
     6.97761     0.13019     0.09545     0.11052     0.09289     0.00517     0.00603     0.00228     0.00513     0.00694     0.45458
     7.10261     0.12346     0.09487     0.10196     0.09253     0.00523     0.00510     0.00216     0.00431     0.00614     0.43576
     7.22661     0.12425     0.09911     0.10121     0.09498     0.00563     0.00485     0.00235     0.00386     0.00541     0.44164
     7.35161     0.12490     0.10686     0.10310     0.09640     0.00559     0.00474     0.00251     0.00357     0.00502     0.45270
     7.47661     0.12366     0.11189     0.10120     0.09880     0.00498     0.00435     0.00245     0.00328     0.00498     0.45559
     7.60061     0.12359     0.11010     0.09629     0.10402     0.00465     0.00391     0.00239     0.00327     0.00496     0.45317
     7.72561     0.12663     0.10599     0.09298     0.10911     0.00495     0.00367     0.00247     0.00379     0.00483     0.45441
     7.85061     0.12857     0.10370     0.09195     0.11008     0.00520     0.00370     0.00269     0.00452     0.00462     0.45503
     7.97461     0.12364     0.10139     0.09036     0.10568     0.00493     0.00388     0.00295     0.00504     0.00425     0.44212
     8.09961     0.11317     0.09701     0.08922     0.09929     0.00450     0.00397     0.00310     0.00539     0.00392     0.41957
     8.22461     0.10010     0.08647     0.08567     0.08912     0.00401     0.00380     0.00302     0.00530     0.00365     0.38115
     8.34861     0.07858     0.06710     0.07043     0.06954     0.00309     0.00317     0.00260     0.00422     0.00313     0.30187
     8.47361     0.04625     0.04045     0.04250     0.04185     0.00179     0.00203     0.00170     0.00242     0.00209     0.18107
     8.59861     0.01748     0.01608     0.01633     0.01682     0.00069     0.00084     0.00071     0.00090     0.00091     0.07077
     8.72261     0.00381     0.00369     0.00360     0.00398     0.00016     0.00020     0.00017     0.00020     0.00023     0.01604
     8.84761     0.00045     0.00045     0.00043     0.00051     0.00002     0.00003     0.00002     0.00002     0.00003     0.00196
     8.97261     0.00003     0.00003     0.00003     0.00003     0.00000     0.00000     0.00000     0.00000     0.00000     0.00012
     9.09761     0.00000     0.00000     0.00000     0.00000     0.00000     0.00000     0.00000     0.00000     0.00000     0.00000
     9.22161     0.00000     0.00000     0.00000     0.00000     0.00000     0.00000     0.00000     0.00000     0.00000     0.00000
     9.34661     0.00000     0.00000     0.00000     0.00000     0.00000     0.00000     0.00000     0.00000     0.00000     0.00000
     9.47161     0.00000     0.00000     0.00000     0.00000     0.00000     0.00000     0.00000     0.00000     0.00000     0.00000
     9.59561     0.00000     0.00000     0.00000     0.00000     0.00000     0.00000     0.00000     0.00000     0.00000     0.00000
     9.72061     0.00000     0.00000     0.00000     0.00000     0.00000     0.00000     0.00000     0.00000     0.00000     0.00000
     9.84561     0.00000     0.00000     0.00000     0.00000     0.00000     0.00000     0.00000     0.00000     0.00000     0.00000
     9.96961     0.00000     0.00000     0.00000     0.00000     0.00000     0.00000     0.00000     0.00000     0.00000     0.00000
    10.09461     0.00000     0.00000     0.00000     0.00000     0.00000     0.00000     0.00000     0.00000     0.00000     0.00000
    10.21961     0.00000     0.00000     0.00000     0.00000     0.00000     0.00000     0.00000     0.00000     0.00000     0.00000
    10.34361     0.00000     0.00000     0.00000     0.00000     0.00000     0.00000     0.00000     0.00000     0.00000     0.00000
    10.46861     0.00000     0.00000     0.00000     0.00000     0.00000     0.00000     0.00000     0.00000     0.00000     0.00000
